-1.348924945798660735e+00
7.752458397827087788e-01
-2.784159424496355228e-01
-2.031958684856252972e+00
-1.837552501825409523e+00
3.642988485465681325e-01
1.154389360593567782e+00
-3.323392799863869040e-01
9.406236181813224517e-01
-1.551906651477777399e-01
-1.273516716210675526e+00
-2.154113849670223069e-01
3.095861066124702354e+00
-2.568269008725628577e+00
1.888763648868259759e+00
4.417905156144270873e-02
-1.908876257285963884e+00
3.615622607780367037e+00
-3.179603531689374041e+00
-4.297361703136609590e-01
-2.861743662083141793e+00
2.059103476388355614e-01
-3.057075603894250371e+00
-1.103754406566381796e+00
2.441856233837656487e-01
-3.491377698805529395e+00
1.402334941807936719e+00
-1.139926286612712447e+00
-2.911994080985151334e-01
1.377480875561059248e+00
-2.439850501524839732e+00
2.610850013997233265e+00
2.761278153120413137e+00
6.155933956112858985e-01
2.897062839968143955e+00
-2.972026263794010248e+00
2.660579483705687753e+00
2.901186949407204896e+00
-9.068760062318034221e-01
1.394718365344464805e+00
1.131697273169143036e+00
2.873280890691472855e+00
5.243698959692527639e-01
2.817469682106708007e+00
-2.635665554019109624e+00
-1.399411386036405247e+00
-5.002918436320821227e-01
-7.270316138006527318e-01
-4.509587494440031596e-01
2.609635495349566625e+00
-1.199661944756952092e+00
-1.429482355861304566e+00
1.916070168491586845e+00
6.943074734328298636e-02
-2.348849839170981113e+00
1.876299996680732995e+00
-2.903784361591211560e+00
2.937134277256338688e+00
-1.138859600485088608e+00
-1.905172178518059978e+00
-1.651093221570069769e+00
-2.716101188935025501e+00
-2.942625359022100984e+00
2.213260712146158049e+00
-1.822359847422140300e+00
2.066050915438831792e-01
3.296391328136401899e+00
2.117934119425893602e+00
-2.477101028062779431e+00
2.778614817198891362e+00
-1.726396583749899571e+00
1.219927867078898442e+00
9.290675152390721614e-01
-2.897049911673017508e-01
1.370738213717242360e+00
-1.919994156987563372e+00
1.375221300525652834e+00
3.364878299063426503e+00
1.805078641634222825e+00
2.307307634155024267e+00
2.705262774376509860e+00
3.701594502821296206e+00
2.105390893089153170e+00
3.761608615753691875e+00
-1.981721093991915206e+00
4.040452103484801327e+00
-2.538926594819892468e+00
1.611289021563527379e+00
2.692155733989176625e+00
-2.755209460524295495e-01
9.512656861696455746e-01
-1.640126145532087463e-03
5.632473234624347791e-01
-1.113109137348446742e+00
-1.048479272747456337e+00
2.364041843588405190e+00
-1.822457379948121126e-01
-1.910283341090391662e+00
2.130876777083691165e-01
4.764292958509717957e-02
3.545978227861300014e-01
1.641084598751185286e+00
1.820273354802161681e+00
2.861942662666598913e+00
1.279460534950881190e+00
3.171392292679196867e+00
2.291225864476008844e+00
1.996196454609338256e+00
-2.828647741734223509e+00
2.446274886468889243e+00
1.394888644554264978e+00
-7.020613795944743996e-02
4.775688459415998732e-01
-3.101144634597540195e-01
1.287631233445040380e+00
5.477048990301252029e-01
2.230680474409486358e+00
1.045132361008779043e+00
8.880220748573806056e-01
-2.906690178246934764e+00
7.155747895776397582e-01
-1.817204433561633303e+00
-2.913932066768105233e+00
-2.836698890202609569e+00
1.930769256852612678e-03
-1.297893304379572399e+00
-2.982810703569140465e+00
-5.423373969755835959e-03
1.828964729779078424e-01
1.832362330849705234e+00
1.318638067020428295e+00
-3.205211999551127455e+00
-2.001721331241858692e+00
4.446657458301159216e-01
2.268460852982573606e+00
-1.692780951476277052e+00
2.779136560081057361e+00
-3.339843198796514034e+00
-3.554556752538529096e-01
6.969012208293068333e-01
1.799119648571764873e+00
2.890817392697578203e+00
1.720867393658067623e+00
2.903243744662129089e+00
-2.509891072239720522e-01
-1.242176987929281440e+00
9.073304994835257320e-01
1.378880574147695603e-01
2.429654565879481032e-01
-1.772082736205976117e+00
-1.215152555935895551e+00
1.837105652058437677e+00
-6.248916825575057121e-02
2.724925250791076711e-02
2.715708333707419264e+00
-1.824436969677082132e+00
2.722661597298385305e-01
4.050546186070478782e+00
-1.437382208190669752e+00
-1.889328324559833794e+00
7.326946085296045519e-01
-1.587165668970625720e+00
1.519601671218383743e+00
1.896770533960570937e+00
2.636651703417699499e-01
2.565125488981907509e-01
-2.790165623160011599e+00
-6.641012793644259782e-01
-1.536345736273883045e+00
1.879494642720775266e+00
3.762424285214159614e+00
5.301452970018170063e-01
-1.722615611900571331e+00
2.061539509817213178e-01
3.663974308375868461e+00
-4.716688208290467088e-01
-2.357197769248288832e+00
1.978828187695667262e+00
-2.895340990580704821e-01
-1.482265617762745347e+00
-1.588920330298460026e+00
-4.766094621308334944e-01
2.803280179302746422e+00
-2.622647636717032604e+00
5.764829918823249910e-01
-6.010263758121375810e-02
-1.009345433041189288e+00
-1.239532571210268053e+00
1.743294522811985159e+00
5.554945793724297420e-01
2.880482473496706497e+00
1.406223193731539256e+00
1.738009975191581846e+00
-2.853329834727281078e+00
3.520901986658950267e-01
-2.963996296362373606e+00
2.507874231170286183e+00
-1.778082109669403499e+00
-2.315229482846002718e+00
-1.130700734030263055e+00
-1.473343625868739570e+00
1.848311008987129744e+00
-2.322273695503812796e+00
1.692287511595025107e+00
7.804187970409885711e-02
-2.186623842027562770e+00
-4.069116567442475074e-01
1.309552829370703275e+00
1.573544594307190847e+00
9.298903315949659243e-01
1.287724143331099080e+00
1.415199214179689857e+00
1.425517807477529875e-01
3.792095043360279583e-01
-1.486009582033242626e+00
-9.440743018635082695e-01
1.583080692902127273e+00
1.082547513562236441e+00
-1.455857673078540859e+00
-2.517019094624098230e+00
-3.168010256109420331e-01
-5.430995162081907468e-01
2.702508700479171466e+00
-6.926331778960568286e-01
2.021615717643782784e+00
-2.634034851355179896e+00
1.833795207902571001e+00
-1.945464823265025470e-02
-5.007458251229481849e-01
-1.968611149481245826e-01
-1.707677428821878785e-01
2.809820362732877719e-01
2.341414361825838508e+00
-2.730646618332322473e-01
-3.045591490273806823e-01
1.754384538603275923e+00
-2.208974013322950458e-01
1.931295093794814344e+00
-1.667463369837970610e+00
7.105726098716322880e-01
3.695220754974705368e+00
8.005696537501023613e-01
-9.176623605526418315e-01
1.784793381898017950e+00
6.047936975127814890e-02
1.940088763497164415e+00
3.096400288698560210e+00
2.751667691723407305e+00
2.379353601158265441e+00
2.764209890242563361e+00
2.298511704027265956e-01
-1.287229326970112497e+00
1.179922159703358897e+00
2.430915667569749417e+00
2.877700641768167422e+00
-3.070809414116751235e+00
1.137519660356457907e+00
-7.595636735150662622e-01
-2.401462953074530393e+00
-2.574121040885758438e-01
2.837949904247472510e+00
2.712906824028983976e+00
-6.288605534523261653e-02
2.430583621138957984e+00
1.236085144606101416e+00
-3.183103720535977565e+00
-1.330883642093570796e+00
3.927322804196161643e-01
2.684819672267252377e-01
-1.360259316831249121e+00
2.646236866773191032e+00
-1.155769749229368371e+00
2.095972638104995067e-01
-2.787948340192961449e+00
1.501008763238681043e+00
1.765343724609386378e+00
2.897142712726013869e+00
-1.744177092347401370e+00
2.038646396270018979e+00
-1.195409890361377014e+00
2.973386174123651138e+00
-1.818912851162211297e-01
2.043074428250182262e+00
-1.652052220291157225e-01
6.282500915744826386e-02
1.316519891629538641e+00
-1.332228797548488330e+00
2.990529863598250682e+00
2.663043837476947395e+00
-2.408020266928380670e-01
-3.338353145022850299e+00
3.025529907803130136e+00
-1.997869402784063775e+00
-1.417440114327924716e+00
-3.294680326951612059e+00
2.895495416618296680e+00
2.171062185008328649e-01
1.456510596164157789e+00
-2.935190260367301018e+00
1.050543537550101103e+00
1.355658421222118992e-01
-7.663757065531028312e-01
2.683531632964660130e+00
-1.199734626160956941e+00
1.205460665646810092e+00
-5.628505993621254477e-01
2.381577992863829429e+00
-3.387182574520361533e-01
-2.975096867563313374e+00
3.004644543280715396e+00
-6.708069539114109858e-01
6.732731013317424518e-01
2.294449132432951011e+00
-1.948674220598002771e+00
1.899424517186390382e+00
1.103643257793356147e+00
2.091404397724875519e+00
-3.569210641098828241e+00
2.991834722477316078e+00
3.200681542787263134e-01
2.252091917342737282e-01
-1.989499609557749293e+00
-1.125937427237145849e+00
1.212545850454468832e+00
1.986507421633453951e+00
-1.531780983985713718e+00
1.423348167846811174e+00
-1.378217256049948380e+00
-1.261667180696750989e+00
1.762862463118289036e-01
2.464007693575920310e+00
-4.996952883884583918e-01
-1.395149650416479759e+00
-1.389144589399079921e+00
3.106541745291531154e-01
9.971401548807340420e-02
-1.238398422539163990e+00
8.331771139002149829e-01
-2.656007502258867170e+00
-3.452702562541458242e+00
-1.858182303443261518e-01
2.915945387669791167e+00
2.899245353653209456e+00
2.324602864913987599e+00
2.846292772293312012e+00
3.355427789913608905e+00
-1.770341388386819981e+00
-2.805894129897075651e+00
-1.452806029805021826e+00
2.656277918311358732e+00
3.313584565567261553e+00
-4.360823495451240928e-01
2.457737507564259904e-01
-4.634099827661519733e-01
9.088532614956440492e-01
-8.972509521977233005e-02
3.887550447270042842e-01
-3.704494107100142486e-01
3.833881901572674389e-01
1.943535193742690570e+00
1.019494307601827465e+00
-7.671383500902266839e-01
-1.845426021074066503e+00
2.577961108237412535e+00
-2.808866851563136535e-01
-3.308792416830466987e+00
-1.797997035874942418e+00
-1.689473947684238642e+00
1.760453517835472992e+00
-1.035023077116572487e+00
-1.313600640392269758e+00
-3.147615489057322691e+00
-1.786068511278101179e+00
2.244174195768406932e+00
-2.164761502638237189e-01
1.491468409895122749e+00
1.973252513079945203e+00
1.775930909389084045e+00
2.257666190444685750e+00
2.777821918664780121e+00
3.412773994497501628e-01
3.176269504076830952e+00
2.690085995312589962e+00
-6.747000469496572395e-01
2.991994881761596670e+00
2.803466535019414341e+00
-1.668447134639018947e-01
2.714212588480735988e+00
-1.474156954993275592e+00
-2.982708037138248613e-01
-3.087061011437798985e+00
1.060138403144568864e+00
3.406755689774289664e+00
2.947444477605231761e+00
-1.756780889247876010e+00
2.626154521282336174e-01
-1.355467153910465461e+00
1.279496741910557178e+00
-1.682902246509124344e+00
4.953627879938352768e-02
1.888015954066352586e+00
2.982926234533659127e+00
1.005803462444745111e-01
1.205401519355194573e+00
-2.511823724888436193e-01
-1.785331995653691495e+00
-2.789505150501086383e+00
3.291227960838039479e+00
-2.783549494659137036e+00
-1.412767264242937026e-01
-2.882624289563338937e+00
1.989421869905912965e+00
-3.282967180952858666e+00
-1.340356360382686463e+00
-1.243797796626200602e+00
-3.072618201002606853e+00
2.066126183752061252e+00
-5.176236602631690831e-01
2.451175064860108499e+00
-2.004337977399361648e-01
-1.471927980402939762e-01
3.706478975334543957e-01
9.243729414468188077e-01
2.336207902956093374e+00
-1.281890400064400470e+00
1.028631955055028468e+00
1.581415930601274722e+00
-2.752303901643134765e+00
-1.422500095343435467e+00
-1.115797965481576615e+00
2.241241474511424858e+00
1.626443627777284684e+00
7.346542469165052713e-01
-3.971560379567399268e-01
1.157428571614083079e+00
-4.169878491129738185e-01
3.247434366221528368e+00
-3.158676961169625486e+00
4.215319139335498733e+00
-3.297823508819461291e-01
2.189315269814336717e-01
-3.228469972995581916e+00
5.104500072062702343e-02
-2.738835111505949271e+00
3.546229713344958068e+00
2.625928653580499095e+00
1.925918105177919282e+00
-3.019396700246961829e-01
3.402273377426329848e+00
1.240032296753047270e+00
-2.821667525751180072e+00
2.491307566254782113e+00
-2.333095639819784406e+00
-6.361971425571645300e-01
-1.058941836679326620e+00
-2.425842740648114226e+00
-1.186506616504269251e+00
-1.337682024262561109e+00
-1.440628038162463431e+00
6.285361591448714869e-01
-1.229880049745573301e+00
9.105737472095557505e-01
-2.381989719682769735e+00
2.147528715919127806e-01
2.660213855136632777e+00
4.139981642043672611e-02
-1.814086299602027053e+00
-2.889644205437982283e+00
-3.847387767969798755e-01
3.028531341402138199e+00
2.898104209350185645e+00
3.735634359106175251e-01
1.081122931395942732e+00
8.856386125977528945e-01
-3.291416835876811664e+00
3.391556031862179577e-01
-3.106013971294046883e+00
1.558146197217455953e+00
-3.748003695148746095e-01
-1.368350221089225105e+00
4.309234429637110786e+00
-1.742016592626697502e+00
3.150302396886591971e+00
-1.028435753060525260e+00
2.643795996976825435e+00
-1.987587297848705026e+00
-2.201482025145777399e+00
-3.244212896467814744e+00
2.609087582512882086e+00
-1.984194479176027315e+00
2.834825106495218350e+00
3.136550546312271148e+00
2.879493482316384689e+00
1.848295628792064216e+00
-3.134935584094467043e+00
-5.476593209209450475e-01
-4.556952933615163737e-01
1.288749263325486005e+00
-1.943425280491597240e+00
-1.766656370429915857e+00
-1.423722731387581764e+00
2.978393722279505940e-01
1.641968718917637515e+00
-1.801211900289482415e+00
1.332071148765289204e+00
4.537963106819480341e-01
-1.785015881549065098e+00
-1.127433595836164759e+00
-1.122316297739559765e+00
-2.860910208091664853e+00
3.539390105003711984e+00
-1.684513485160336721e+00
1.759453535969777827e+00
1.388716816393424036e+00
2.829286178228044957e+00
-1.202190558867913817e+00
2.752105082114343571e+00
1.407920462669056683e+00
2.900730298307593991e+00
3.331440391144226076e+00
1.003835104894098551e+00
-2.211769461682965954e+00
4.775575063340152249e-01
1.766217819623938645e+00
2.437266067215499099e+00
7.367912403747386429e-01
8.858289085674313224e-02
-2.761889931048538749e+00
-2.951801939896642857e+00
1.709224431294742663e+00
-2.227926975323249181e-01
3.126005045776282021e+00
1.989786281501521259e+00
3.241647675847466825e+00
-3.861271316417113492e-02
3.958545850234573837e-01
-2.913655417724034802e+00
9.837192760072973607e-01
-1.941122549057021418e+00
1.407420510718638162e+00
1.879946690324900471e+00
-3.582639878643762432e-01
-3.048811617814667585e+00
-1.326467554598498300e+00
2.833846912622850489e+00
1.481021550715645896e+00
2.027865090514796798e+00
2.176837328747059708e+00
-1.752304340703093821e+00
7.643126914244352532e-01
-1.659661120672229595e+00
3.310091818124774043e-01
-1.572677344096713670e+00
-1.726789724087115285e+00
2.016218592856716452e+00
1.091564280937522335e+00
-3.585984757876487627e+00
1.028885555811002439e-01
2.522430726893169162e+00
-2.791489941408516362e+00
-1.777080705192071841e+00
4.300649480957622894e-01
7.589300270048900121e-02
-2.349475803762705706e+00
2.013652697932888369e+00
-1.409145600162609258e+00
-1.277660263418690878e+00
-1.544543611597255506e+00
1.121666415250158755e+00
1.306741716180626067e+00
3.138828403157545743e+00
-1.672456478496551879e+00
3.608805175359459216e+00
1.514146060630107815e+00
-4.098355046753536790e-01
-1.725602596256485821e+00
1.874455401913216746e-01
1.643379342758752193e+00
-2.004815840716231090e+00
-6.392414316864861515e-03
2.632589383240562242e+00
1.717196821078627922e+00
1.696701936999049698e+00
1.190256642827230982e+00
1.776710734565387639e+00
-3.776462053815551889e-01
2.878039067444996046e+00
2.146753840184600026e+00
-2.477179896297593498e+00
-8.457001469487677170e-01
2.751794677078855056e+00
-2.011006619579804422e+00
1.356167335611534019e+00
1.471233428373079244e+00
2.463050639655174567e+00
-6.775061471395154022e-01
1.950185424975892090e+00
-1.887244237807419900e+00
1.644751256732175815e+00
-2.950330871284422507e+00
4.344672583125392396e-01
3.333729864614585647e+00
1.779919142510406199e-02
3.072463423391348147e+00
-3.399385892414686916e-01
8.308731203443041613e-01
4.869872414500635294e-02
-9.322070388154037879e-01
-3.438769516160359863e-01
-1.794838376953497239e+00
-1.536061080500636722e+00
-1.352191496277492799e+00
2.130742925559825363e+00
1.699176348550185400e+00
-2.029794697840815232e+00
-1.356597278992616173e+00
-1.563426194015105741e+00
-2.086079938868095507e+00
2.728258044979814390e-01
1.514531830140998236e+00
2.978288761884512414e+00
3.657569638735943762e+00
1.211663472630564620e+00
1.380088025237153015e+00
-1.601709613612628536e+00
2.404941779894012921e+00
1.931905935491546211e+00
3.773855406310318461e+00
-1.018500426346285792e+00
-1.632803762869078135e+00
-1.571551526082217987e-01
-1.534462028086923446e+00
-2.302300216050019166e-01
-1.468597130009969165e+00
1.197556700759022874e+00
1.211869207406686355e+00
4.371782837019278389e+00
1.733156519431440667e+00
1.773233395029698567e+00
1.550104614477855192e+00
-1.038122957611788078e+00
2.888120231354073808e-01
-2.676054121388779627e+00
-1.700517057543078803e+00
3.736691717766467691e-01
-1.668835190087810894e+00
3.628306113711172287e+00
2.668375374674594624e+00
-1.381129163659789105e+00
-1.812402838184130394e+00
-1.397944614134760899e+00
-1.127141721384542494e+00
2.999541315184880430e-01
-2.969788990283923624e+00
-4.767573567087499131e-01
-1.315055599790190044e+00
3.363753777389226318e+00
-7.911675752475418877e-01
-3.120778405757674623e+00
-3.833299245546400447e-01
-3.849780577158837813e-01
7.303335966751292596e-02
1.528050140254862077e+00
-1.394333990739184070e+00
-1.763528535813748965e-01
1.231094259532047541e+00
2.115590123490612040e+00
1.481751332931268150e+00
1.856388384832101224e+00
-1.321196232768807322e-01
-1.909241540559149408e+00
2.360976229558183537e+00
5.100315544021272185e-01
-2.359196615344592018e+00
6.357269293486005335e-01
1.146229831691949030e+00
2.907193168268581984e-01
-1.884155967261524456e+00
2.409755664283519838e+00
-5.047517592751422227e-02
-1.952071895443489691e+00
-2.345636024631736483e+00
3.151748529898843909e+00
3.660704557978329277e-01
-8.313934505157606347e-01
-7.352692733553580773e-01
-1.943116389307384839e+00
-2.375706947206484426e-02
1.181970692701589831e+00
3.339579458452101690e+00
-1.849534334815468029e+00
-2.753459380500532738e+00
1.472597508841184899e+00
-3.309269043723915615e+00
-1.145006356788095925e+00
-3.360189201854115293e+00
5.482162890457296101e-01
-1.569222506144546614e+00
2.768903468442741822e+00
3.974987783064080904e-02
2.944077335543979768e+00
-2.830291490226154671e+00
1.090305664918021167e+00
1.029166333894347696e-01
1.778169273685273888e-01
2.861041328717223831e+00
1.501327985140604726e+00
1.913932506170210046e-01
1.070871561940677924e-01
-1.290199176424909000e+00
3.133717360771356208e+00
2.022149491382849718e+00
-6.868329861332050923e-01
2.277282214906558799e+00
-1.994382903458121525e+00
-6.106465636841702516e-01
-1.922826524649382529e-01
-1.037685646954276342e+00
1.585253268345513167e+00
-2.824616215748351422e+00
-1.907773397850995867e+00
-2.830252972482694140e+00
1.372553201896838493e+00
1.446379361721165324e+00
2.910537594951427831e+00
-1.957610026426172656e+00
1.173923136869259087e+00
-2.622521949740474145e+00
-2.209550465119335172e+00
1.591120432066872592e+00
2.682603689855515672e+00
2.459460109074255385e+00
2.055292749037345157e+00
2.355378030435603343e+00
1.319756732683205813e+00
6.462646789144019799e-01
2.893482384775352134e+00
1.726889126313239764e+00
6.065791625773780255e-02
-4.544387341380404788e-01
-1.551509146850323040e+00
-5.090199650987869279e-02
2.712840030673964176e+00
1.374101972014635464e+00
3.376243501689981108e-01
-3.053207166672542439e+00
-2.830828553696029815e+00
5.702335403496583410e-01
-1.577305689333538208e+00
-2.601205284540400786e+00
-1.986511458578103184e+00
1.412204015652438249e+00
1.359954855585698841e-01
1.831336898348553843e+00
2.565257726932145044e+00
-1.332830360195920827e+00
3.110858096669449235e+00
-2.978548210128603380e+00
1.238759850251510003e-01
-1.680147315605847069e+00
-1.575448367360615665e+00
-3.260521850838419278e-01
-2.935155124583892938e+00
-5.500915110705699718e-01
-1.582059637831255250e+00
-1.913907784868755790e+00
-7.512411362156988792e-01
2.263785444553092496e+00
6.156652980720900281e-02
3.170780987330713563e-01
-3.061278874534785643e+00
4.560312797186082956e-01
1.412885976457679993e+00
-1.506474921656654198e+00
-4.348021578053738456e-01
-1.198587783400892892e+00
-3.700448165537721934e-01
2.090903917432000436e-01
-2.085251221295147506e+00
1.053509608593239250e-01
-1.644420789410591777e+00
-1.084670055985471837e+00
2.795780125766225588e+00
6.297420854375931354e-01
-2.199626348391837904e+00
-1.166483730048978762e+00
3.787340619765336758e+00
-1.775770408332794759e+00
-1.394021055001492426e+00
2.547881016829339096e+00
3.726515593808497950e+00
1.904542070342738036e+00
2.684464179458007083e-01
3.143741254292985232e+00
-2.146418721968379462e-01
-1.569604743814934533e+00
1.640441518205875582e+00
-3.779796381346393619e-01
7.360366445769682686e-01
-1.701746445194572965e+00
-2.295743400209988128e+00
-2.869386784387531808e+00
-1.917871671311027759e+00
3.450010422412703726e+00
-7.362254842822089085e-01
-1.617540782772779906e+00
-1.219158950054073598e+00
-3.179822035701144328e-02
-5.805543697420464944e-02
4.045958042709915103e-01
3.083823375321450566e+00
-2.720295886993767009e+00
3.041884819268750650e+00
-2.774044792725308017e+00
1.200727399788972249e+00
-3.596615078579044368e-03
-1.834044518196512374e+00
-1.136178288338632048e-01
2.818898115912791269e-01
-4.283294698374165987e-01
5.215313692584725436e-01
-3.960701497727623366e-01
2.662574197630637851e+00
-1.526928452617023479e+00
-1.811876043773373857e+00
1.595196789216161370e+00
2.010070557171686811e+00
-1.544839357771478738e+00
1.601919629603865802e+00
-2.386142024856845012e+00
2.744299404874037673e+00
-1.352654988889766097e+00
-3.009002121749106085e+00
9.667356413420580968e-03
9.254425363310100350e-01
-1.613403344847585963e+00
2.655539532542320891e-01
8.486220138037407767e-02
-3.909279787663832439e-01
-2.096191338998013576e-01
-1.589068137780035084e+00
-1.564909630366792870e+00
1.946624338300175117e+00
2.226594645139016837e+00
-2.159232982359242659e+00
3.799534698723437964e-01
9.603836852952968295e-02
3.548035491230260297e-01
-2.394115095392501669e+00
-4.781913477823597214e-01
1.342720825479303493e+00
1.848223864778532510e+00
1.491966681408437134e+00
1.323147071811787256e+00
2.264736305509377878e+00
3.894887661354755615e-01
3.109778931226474974e+00
-3.278982878571154114e+00
-2.261009340033025006e-01
-7.063937873515266364e-02
-2.881313423316490319e+00
-4.502697549579172120e-01
3.105633082283818514e+00
2.870560320543726007e+00
4.002895628450097831e+00
1.276058638156649216e+00
9.840191245528693287e-01
3.831913588300520090e-01
-1.945179076129245344e+00
-3.885369597919903217e-01
-2.183572872830893630e+00
3.454575369096926085e+00
-1.504927339585006685e+00
-5.284723797021645408e-01
-1.579746224371400887e+00
2.687434010196005918e+00
-1.677755656056936440e+00
2.051442768327528476e+00
1.874559464798529085e+00
-2.753103293546109054e+00
1.970416586159266181e+00
8.773731489677822903e-01
-2.128240352603858909e+00
-5.008426877150068401e-01
-2.346574622143239530e+00
-3.077364732123808455e+00
1.151965519422101236e+00
-2.559985743287799265e-01
1.641895408530343603e-01
-3.316757392287477124e+00
-2.779263594041564644e+00
-1.718536121684868689e+00
-2.693205432935582788e+00
1.345846113158653476e-02
-2.013782312351052983e+00
1.328052248737456642e+00
1.608193145536187307e+00
2.026800717211439284e+00
-1.535740951746419114e+00
-2.924310991899336187e+00
-2.757646384671220696e-01
1.008420362408991300e-01
-1.852391651263562977e+00
-7.654926708587714845e-01
3.470824690621802322e+00
1.168126413232395411e+00
-1.821838426875362016e+00
-1.221164093241742465e+00
-2.464636891277927622e-01
-2.932253420246836662e+00
3.188226577381489069e+00
2.553882468502893577e+00
-1.648005106392336883e+00
-1.766842985523930487e+00
2.926351903313773040e-01
-1.836665668010288188e+00
1.585563283512694044e+00
1.779201554145029895e+00
1.871663206863696693e+00
7.377839245084560904e-01
2.592820003749513602e-01
-4.096759368109877397e-01
-3.190077987549499561e+00
1.643895688155818657e+00
1.161457347855903377e+00
-5.452186850272925378e-01
2.135703414546070267e+00
-1.066573264687084688e+00
1.182392175760287989e+00
-1.537785779648010109e+00
1.645770570352521389e+00
1.406109638171015419e+00
-1.203589209881112509e+00
4.066296932555283350e-01
3.055624188722083634e+00
3.177953143205710873e+00
3.667408884492372179e-02
-1.519258693604677690e+00
-4.011689549729725579e-01
1.973984701601654290e+00
3.112699571701688761e+00
-1.587362432124250988e+00
-1.076637971925735071e+00
3.106697234501463623e+00
1.817516050590303189e+00
-4.409058631724118160e-01
-2.712965700350656650e+00
1.983675438046158090e+00
-7.499885669032875513e-02
-3.210763194055989533e+00
3.232129632278969433e-01
1.978215555687966809e+00
-1.425815865886689959e+00
1.221882947964882282e+00
8.925428407867870284e-01
-2.620554595746963145e+00
2.201537364900070237e+00
2.909906087904202965e-02
-4.238229872160957368e-01
-1.811351709547617039e+00
1.488510357097129866e+00
-2.776040936184069441e+00
3.595104665961213614e-02
-1.768864006138880951e+00
-2.644309522436418369e+00
-4.185116573845573673e-02
-2.586839084034541880e+00
3.145641477455338730e+00
-2.785745678673196224e+00
3.259909252720543549e+00
1.530014222035448901e+00
2.683883874381033596e+00
-2.151159812201558275e+00
-3.978038328173464921e-01
3.002239887633422200e+00
2.621222255950949709e+00
-1.163498422411534117e+00
-1.309485071558151636e+00
-1.038860277501284068e+00
1.113830269375599480e+00
-2.274414298718512750e+00
1.881165407302458403e+00
-4.612797729341982511e-01
-2.820701054839876987e-01
-2.275396306113669220e-01
-1.119978913899094763e+00
1.293443336737137406e+00
1.412183007878671903e+00
-1.225115441650890702e+00
3.282244368772741616e+00
1.338087578912716014e+00
-9.330009703058274040e-01
-5.168426815526813156e-01
8.524283066922008212e-01
-4.813696409353562800e-01
2.969866330999387571e+00
-2.968711520329029963e+00
-1.688738682684870041e+00
-2.926217827680840600e+00
1.606080259998194926e+00
1.091502513673908936e+00
-1.812524960120168949e+00
2.788649024215319017e+00
-2.186624987016356353e-02
-1.489918766240315717e+00
4.167693083635492513e-01
1.436286466375797488e+00
-1.234950833630424905e-01
1.522898230727299129e+00
-1.411880830134479292e-01
2.083185452254654457e+00
-1.389164859077840486e+00
1.656326022663474840e+00
-3.689121097876529309e-01
2.102160916050575423e+00
3.827582475750840874e-01
3.356785797144219430e+00
-1.408965450140608144e+00
-1.622591867347965788e+00
-2.024261280166284038e+00
2.011082395336495576e+00
1.152869059999901635e+00
-3.134714569504634674e-01
1.128715561662464006e+00
2.677667234693987403e-02
1.344158621480622262e-01
-6.425343337051296899e-01
2.829480509867293936e+00
3.109573170922943053e+00
3.499130347230673954e-01
-1.901025892597598910e+00
3.882563868396415319e-01
-1.406726745324341943e+00
-1.114463581516420776e+00
-2.882802623939495490e+00
-3.536680519594786354e+00
2.882844376709024381e+00
8.664960318845875420e-02
-4.061495010434155617e+00
1.119750862971520045e+00
-2.213637012152609440e+00
1.111855431126853366e+00
2.945465407850642592e+00
2.672776373022095475e-01
1.215128734376167641e+00
1.250351706324889900e+00
-9.536100295729038612e-01
-5.103747017865283286e-01
-1.560961408206767542e+00
-1.907828117046291405e+00
3.472780678081369921e+00
1.590243850522689018e+00
-7.183917518416104153e-01
-1.987199431667671101e+00
-1.210264015797979820e+00
-1.144070554681298590e+00
3.917603644473789171e+00
-2.603167817109431237e+00
-2.828561403878961489e+00
1.972444031887299554e+00
2.039955683425540012e-01
3.144822356053574186e+00
2.703415201478890140e+00
6.946509494087417524e-02
-1.834480098124801728e+00
3.262364992272309916e+00
-1.688518431465560354e+00
2.002116673848897577e+00
3.881733838753252286e+00
-6.472346894020558628e-01
4.312600138429830032e+00
-3.019271673235042197e+00
2.226545364138970973e-01
3.406873591845794857e-01
-2.381993333790380252e+00
2.661798406149739282e+00
-1.768390306691030256e+00
-4.395188218937664537e-01
-3.330069481894185612e-01
-1.609984043329618419e+00
1.694792391211205063e+00
1.376129165188222148e+00
-1.922873596054578638e+00
-3.002668350179910295e+00
1.916426998143088145e+00
3.061584675926878774e+00
2.358056077662816108e+00
-2.423048870988261161e+00
-1.343102458263607080e+00
1.199701887875211481e+00
-2.989438530507922742e+00
-2.905714069223020335e+00
-4.185757959353134106e-01
-1.523166672629530982e+00
-2.263736850424122315e-01
-4.076331992663635440e-01
-1.266283264355231974e+00
-2.779622014209250924e-01
-1.698287776213197320e-01
-1.653233396789356435e+00
-1.209705656099694604e+00
1.388928872859381380e+00
-2.802186716826204016e+00
-1.219793140034962642e+00
-2.897527856346129305e+00
2.110608051673104946e+00
2.328161917436799122e+00
3.349628031935909966e+00
1.549521455106716239e+00
1.893854186908302095e+00
-1.563244209242895533e+00
3.397067847985838718e+00
-2.220407290387364618e+00
2.655758997894664297e+00
1.428922279879838220e+00
-2.111893355940059891e-01
-2.924691597525757025e+00
-1.090619398080948099e-01
1.856988050785300270e+00
-1.661613553411150912e+00
1.596262105977662715e+00
1.255454788625631757e+00
1.714844746437500955e+00
1.432272200334928192e+00
5.982059400664615501e-01
-2.143282697089486266e+00
-2.929104751986792099e+00
-2.015426051277934949e+00
1.165477699686690904e+00
1.379898047657050375e+00
1.777629654238219947e+00
-1.740076348998312650e+00
-2.481261568786686578e+00
2.526243756328682144e-01
-1.790532959894096221e+00
-1.121965550026887248e+00
-1.369327774743181569e+00
2.746966365107780028e+00
2.798749232940596521e+00
-2.593157069026438943e+00
2.901851041629586181e+00
2.111274322228578748e-01
-1.595207761480529340e+00
1.145941847141882519e+00
-2.731502436552724067e+00
-7.015332504164245586e-01
2.341084653561046336e-01
-3.099404565067848338e+00
2.907695946576743129e+00
-2.742630744868514103e+00
2.554316505230032952e+00
1.219257318724794370e+00
-4.080292519579549471e-02
-1.306869905370136697e+00
1.847761089192722528e+00
-8.108660889147503714e-02
-2.906739675768112985e+00
-4.962842451782201736e-01
2.642069188667193202e+00
1.801890319951056085e+00
9.141302982409030831e-01
-4.611065830523882192e-01
-4.631782133662115108e-01
6.705979368699080956e-01
2.061216254343813503e+00
-1.189057258081921420e+00
-1.247774800262203415e-01
6.508749122807109266e-01
-6.602109492298301463e-01
2.365164003342776766e+00
3.152647997229197419e+00
3.560219294198956774e+00
3.347912454238339830e+00
2.718396116640325655e+00
1.664055901799985859e+00
1.703030528832831347e+00
-1.656962158667242946e+00
2.032605718358953817e-01
-3.905694029982037518e-01
5.476554232710210135e-01
3.132583380613740864e+00
1.853933135952258837e+00
6.115070395683727122e-01
-1.368472886426870483e+00
1.440115639941798586e-01
9.452902148256686621e-01
-4.835573273821607843e-01
1.010179701988795031e+00
-1.233691582748622562e+00
4.388706738354480663e+00
3.090857195555175019e-01
-2.048414727468454100e+00
-1.750951017488596273e+00
3.250967378546515185e+00
7.718086238249900755e-02
-2.098672966707479937e+00
3.014436501730529461e+00
-2.868274174238640395e+00
-4.313603910550956738e-02
-3.811929430407370867e-01
3.039000958745300962e-01
-7.123558633612085966e-01
-1.563174877877516966e+00
5.756811947571288668e-01
1.846089039513469698e+00
1.541972859226534043e+00
-2.872009238627319938e+00
-1.722526654892634568e+00
2.728814936190991247e+00
2.400351333133600829e+00
-2.791818792055904108e+00
-8.253491304814287721e-01
-9.138760985294673844e-01
-1.937677833585766396e-01
1.736039505224454826e+00
6.476215145627123304e-01
-1.302702491520741690e+00
2.869547734149789697e+00
-1.043853401695120864e+00
2.063528560281547630e+00
-1.432407164202525118e+00
1.749595426896321193e+00
-1.868523029467707319e+00
1.468971511438504685e+00
2.568118822414855895e+00
-1.500013726008712300e+00
-1.886392861826493350e+00
1.777001740146613162e+00
1.615862219482714357e+00
1.305284549142796235e+00
1.580347018575172791e-01
-1.125586126126552511e+00
-2.393002263003138896e+00
1.506978815015504791e+00
2.087827178111087978e+00
1.877374645176001833e+00
3.374645287921976822e-01
2.395548228425694592e+00
2.676687515561766428e+00
-3.089237315910099646e+00
6.243085233147969981e-02
-1.949060220423318945e+00
4.290386313355049275e+00
1.831365901684244735e+00
2.340351031201695908e-01
3.481391514325371972e+00
-1.535999172513686339e+00
2.463749200881064638e+00
-1.425869814930414758e+00
1.400091655832557569e+00
2.813032203392607844e+00
-7.601343743285962073e-01
2.090052052553757811e+00
2.262253724465152493e-01
1.878916919890449178e+00
-1.619648672760176433e+00
2.581130364774315122e+00
-2.896368747558153434e+00
4.059454227070980609e-02
1.289002219541207417e+00
8.617540576781722306e-02
-2.555328352399977465e+00
2.809388181947015006e+00
-6.366579311732890600e-01
-1.122927107697313742e+00
1.408517429613144190e+00
1.718861144478770267e-02
-2.686474292763174621e+00
1.524847133595433446e+00
1.775568814614036706e+00
9.806504648877939490e-01
-3.108034314302284162e+00
-2.061710048805294626e+00
1.850898219813827072e+00
-1.560709868180856219e+00
3.565906070912455039e+00
2.387785273883502590e+00
1.719341493603837367e+00
2.172547955278833154e+00
2.363695591302027221e+00
-3.933841860839024651e-01
-1.225268501523277154e+00
-8.967719766221169397e-01
6.262283733780098505e-01
-2.139469945910719151e+00
-1.632726682569080601e-01
-2.059407081429616149e+00
2.260796570476011347e+00
1.702368343531724504e+00
1.269939898988829974e+00
-3.547743287757760822e+00
1.791565612677007424e+00
1.087609108016758183e-02
-1.610843080791011239e+00
1.178399650054868797e+00
-2.297807755281478403e+00
7.011199327978338003e-01
-2.287588492623846559e+00
-1.243268628707573820e+00
2.168541359048033357e+00
2.464067199746824699e-01
-1.814954983119386522e+00
1.302693625258510846e+00
2.897927612915978113e+00
-8.900146911174525721e-01
-3.030226933232423203e+00
-1.618285621826351495e+00
1.938971370937232486e+00
3.397664131110401442e+00
-5.680736268096476804e-01
3.018115675972704803e+00
1.927684327719574320e+00
-3.716181917789396216e-02
-8.309725725130929705e-03
-8.550640726527462820e-02
-1.306613839277299016e+00
2.838991009315045222e+00
-1.745582781755826929e+00
-1.349089543760145560e+00
1.756246798817876931e+00
-1.582886567716078607e+00
-1.123387710710143983e+00
-1.261113219219111681e+00
-1.445279303287651862e+00
-1.536953001449854694e+00
-3.044489312561723948e-01
3.387134322931796504e+00
3.069335152646749165e+00
1.349078332052847218e+00
2.586261833268410193e+00
1.438308839823682295e+00
-2.898025702968448858e+00
1.868457842323962392e+00
2.218625179520792745e+00
6.157368821467155140e-01
1.785579668602597536e+00
4.264560104422498554e+00
1.861372124090314439e-01
6.348332933700313596e-01
1.202117399208505466e+00
-1.669682558492656455e+00
1.204396562542706883e+00
-1.177597451161370573e-01
1.587804473872882205e-01
1.653365211917309008e+00
3.117298312662186710e+00
-1.953141152744963582e+00
1.573435677635623309e+00
-3.030165492034474717e+00
-3.302620215404836190e-01
4.791977172382772543e-01
9.315109424697916307e-02
1.079293116339606201e-01
-1.444006885119699657e+00
-2.543223782932658716e-01
1.866093652697713157e-01
-4.837153445442194943e-01
-9.792566129328856839e-01
2.229560437562171593e+00
1.301593903114292905e+00
2.327938312937993359e+00
1.040235301810816804e+00
-1.115717656599189977e+00
-1.696498130851630926e+00
2.380106583483225791e+00
1.350769333536681271e+00
5.901277614943598732e-02
-1.076686903464510570e+00
1.559496895517340720e+00
-4.043408159521662548e-01
-1.474537707287019384e+00
-3.734752823125619958e-02
2.066550144182110138e+00
1.844444321847885204e+00
3.167887083590929104e-02
1.402038032153694713e+00
-1.073269626231885931e+00
2.046284598549357625e+00
1.697043839036368018e+00
1.736672939877427435e+00
7.003455206228857977e-01
1.147688603503996596e+00
9.554162392294882622e-01
2.692628089406307740e-02
-1.813253197718877940e+00
-9.860727686802470693e-01
1.987548904254836657e+00
-1.632291521588658867e+00
3.036580506918989730e+00
-7.983533200709124200e-01
-1.406258421458416175e+00
1.255653779074434206e+00
3.050872411886978330e+00
-1.226673183991612293e+00
-1.413056291460324188e+00
-2.643022781823817446e+00
4.857576727107919962e-02
-2.878397590529583994e+00
3.166624357584493676e+00
-5.148846367326153084e-01
1.323631847739177969e+00
-1.588639351334725891e+00
-2.681029084953740593e+00
-2.899640850561299832e+00
1.305993536972706259e+00
1.839935410517652192e+00
2.776076747993236893e+00
3.286357486922781845e+00
9.983913510406658975e-01
-1.646721836593006083e+00
1.300818325612356496e-01
1.563579917320454093e+00
1.198022135584780878e+00
2.660202426565796863e+00
4.012861665016121404e-01
-1.127950355375757496e+00
7.254533491079481200e-01
-1.603612835928915764e-02
-1.121002750984141372e+00
-9.656892004036006505e-02
-1.579071711281310852e+00
-1.191236015451583086e+00
1.943705715498748932e+00
2.024457725311892275e+00
-2.208787848359181072e-01
-1.405730399630394034e+00
4.269454893794789180e-02
-5.249463102563195482e-01
-9.915801155040272485e-01
-2.051047715304760821e+00
1.208663389129603472e+00
2.579461620010134570e+00
2.148972143103931476e+00
2.100740139763600300e+00
-1.647713203106246471e+00
2.036545619125498696e+00
-1.750825317862358732e+00
1.078027413511493338e+00
7.022788685552587840e-01
5.685782466333417773e-01
1.057417374293091683e+00
1.417490230898339254e+00
-1.635378625754503878e-01
-2.121768911974526439e+00
-6.627566795422422663e-01
-1.119077041521698179e+00
3.187057931804020416e-01
2.431151907789256050e+00
1.933492447149515528e-02
-7.263951738187200968e-01
-1.016371702871020188e+00
2.157163447335011419e+00
1.816791273639848825e+00
-1.897661512158890007e+00
1.362576319607083031e+00
2.558610897979933352e+00
2.682580947324857412e+00
-2.918087685453035540e+00
3.201587591183447490e+00
-8.576738082465968915e-01
3.223892578542041365e-01
3.132851399644350221e-01
3.177654440108450551e+00
-1.851007399478716842e+00
1.234160527551809494e+00
3.334190621271612365e+00
-1.995644213925384491e+00
1.526512071250545333e+00
-1.373501476288717382e-01
2.097168115621020679e+00
2.647806463947785183e+00
-2.749666493320003902e+00
-2.750850476091451835e+00
3.472563796871100283e+00
6.362713866931206663e-01
-4.799885535637777867e-01
-9.434321799639858730e-01
-1.816706124723187044e+00
-2.589815684851347832e+00
4.860732599224733969e-02
3.676201265490883330e+00
1.823565837054046845e+00
-1.040860703964511025e+00
1.507752642466104076e+00
-9.490620879227749107e-01
2.864207898872451086e+00
-1.835618611017466317e-01
-1.306692859548727936e+00
-6.228514880182126623e-01
3.464845391185186418e+00
1.763260131037546419e+00
2.735811331971721216e+00
2.743785552566264663e+00
-1.220050188939889368e+00
1.485156313995215083e-01
-1.361738662086873441e+00
-5.822893612574741029e-01
-1.142376539504562083e-01
-1.155820462610467780e+00
-1.254235833583623005e+00
5.577784941033180344e-01
4.758066731833322099e-02
-1.259616077052249317e+00
2.617098134500388973e+00
-1.510848619301558893e+00
1.196873056622189457e+00
-1.810712719965149320e-01
-1.374226126231258283e-01
4.176421625628348178e-01
1.726917301794695714e+00
2.725034972973860103e+00
2.939356196327675530e+00
3.921186292157710973e+00
1.437523416639294060e+00
-1.176133481899908739e+00
-1.895625879003800085e+00
-1.652389702401252158e+00
-1.226046263469189324e+00
6.200925075983449997e-01
1.895367181789106292e-01
-1.826669011152288469e-01
2.604471434288968990e+00
-1.609578637928243738e+00
-3.079283713129829514e-01
1.353582595126440857e+00
-2.830724512712014640e+00
-1.532579025033212305e+00
3.060329052724573007e+00
2.855938939824362310e-01
-1.332747072964118429e+00
-1.333682638123677711e-01
3.597084775751851815e+00
-6.436815168582629698e-02
4.143499047706293403e+00
2.810832005450135895e+00
3.341824514838889648e+00
2.216960349434700550e+00
-1.173362536959790425e+00
2.829024948572804732e+00
-2.565055403857693594e+00
1.521179776309692366e+00
-1.030335344113089802e+00
1.690171737695257193e+00
1.284989623560505612e+00
1.754108894110870009e+00
-7.098270972025574332e-01
-1.182789861781948781e+00
2.092454894959410727e-01
-3.111714166480815891e+00
4.369137757127538713e+00
-1.958084074605717539e+00
1.714902853576211417e+00
-2.733824055369554973e+00
-2.486951637059490405e+00
1.465798060431166006e+00
3.966732715839661694e+00
-1.271730757073569418e+00
-1.717719350989769467e+00
2.287222933810400261e-01
-2.724915969606734212e+00
-1.895174232359404298e+00
1.513408159770272210e+00
1.712017628633178079e+00
1.451246387080017852e+00
2.738446484674780912e+00
-8.071512802707336842e-01
-1.526569758891448136e-01
-2.701980406741411045e+00
8.930159458850466248e-01
2.874578208725053763e+00
-1.025704207005054824e+00
2.909753022254686350e+00
2.781683804179400532e+00
3.386745293782206900e+00
-1.709140600968008239e-01
-2.861990916173563715e+00
-2.276891781899122336e+00
3.016615038773141563e-02
3.006664393236337496e+00
-1.183679939316817809e+00
-2.943221211765842948e+00
-2.931080204188512006e+00
-1.612591353455046450e+00
2.840136398017834019e+00
-1.130766767041112786e+00
-3.035714038986088603e+00
1.615798460860007779e+00
1.763668803895864334e+00
-4.439354928336678441e-01
-2.207048664345674094e-01
-2.420631286262445947e+00
1.592159730025430042e-01
2.667180609154429227e+00
-1.362626999671089134e+00
1.065760232108067251e+00
2.073711303841367370e-01
-5.016154869026093754e-01
-3.130938701705442639e+00
-1.877340465573753336e+00
-1.643746916291018323e+00
2.053862890856795520e+00
-2.915960984017647473e+00
-1.014749078685201367e+00
2.076452315905629398e+00
4.424365523627305841e+00
1.632982292600099417e+00
-2.734839891317613070e-01
-3.193038942235837396e-01
1.861941737220615511e+00
-5.036623348556492491e-02
-1.222722975565568859e+00
1.252215668937088022e+00
-7.888893606557542126e-01
-2.898966623971469314e+00
-1.079391604440112402e-02
2.978084090351917346e-01
2.505242825146221985e+00
-1.169386652759552447e+00
2.261116981064203557e+00
-1.610252002754686051e+00
-1.737665109630935234e+00
-2.756391492425602774e+00
-1.845467408030604828e+00
3.225403413909780248e+00
3.209765439244055329e+00
-4.306959238704182180e-01
-1.909005279029086566e+00
-9.638870126512263381e-01
-1.862394684888082352e+00
2.036441139542227496e+00
1.532172831300669058e+00
-1.396376351918178660e+00
1.871503106383918036e+00
1.401952152856423550e-01
1.224465915408640804e+00
-2.610342473022551957e+00
-2.741602064384068838e-01
-3.053519382205674315e+00
6.410308826724366860e-01
1.830968045713035286e+00
-1.538125998469023203e-01
2.175122859126183972e+00
8.895874460895499825e-01
-3.755994183649870033e-01
-1.093601895707894789e+00
-1.265977167924503544e+00
-1.418318686051733613e+00
4.275120366552874529e+00
1.576515440370343191e+00
-1.850624169162964572e+00
4.371214988578917549e-01
-2.869953542006720149e-01
2.135484374255678386e+00
2.801325356584234427e+00
1.551951664348660387e+00
2.048685061560454601e-01
-1.319517964298701385e+00
2.472349910366308912e+00
-2.290617247771770115e-01
-4.929383987066322526e-01
5.053267058128244615e-01
7.888510599420609504e-01
-4.308128649851608039e-01
-2.018389282417299313e+00
-1.388271700345066639e+00
1.514377150619150347e+00
1.890951408146921198e+00
2.487432738224906625e+00
3.390447201348769646e+00
1.270810053812600593e+00
2.909515095736712187e+00
1.684269561533836557e+00
-6.459700544189435067e-01
-2.903591869408397308e+00
3.642828325727905270e+00
3.642731668422985347e+00
2.773109913387978409e+00
1.848805468899933011e-02
-1.840721244086261477e+00
2.385836406257893838e+00
-1.407180824100547900e-01
4.423839667444642854e-01
-1.666851007617818237e+00
-3.089964367346894392e+00
-2.387550211319829252e+00
4.235347821302318239e-01
3.336107242950127727e+00
-3.368028541483822913e+00
-5.528955392179842748e-02
-1.155345650024214299e+00
-1.567505818014898189e+00
1.872908543517661561e+00
-1.161902027097673207e+00
-3.592639431450195819e-01
1.294903459610589502e+00
3.278289714767586016e+00
-1.856791235195986323e+00
-1.225229709770019770e+00
1.748615329151732123e+00
1.075434133142885385e+00
-2.996670183011481026e+00
-1.817458117036739040e-01
-2.433383983428793140e+00
-4.081426749093460260e-01
-3.290953047529659337e+00
1.736422774792024670e+00
-1.786838376910041104e+00
1.485663398869002894e+00
1.819110052665903199e+00
1.755089202439803708e+00
3.339801779691621508e+00
-3.125227309201581427e-01
2.862930191134578806e+00
1.475426430070835015e-01
2.588768571531632201e+00
1.292756161178613417e-01
7.087693116005076843e-02
3.453268921289078364e+00
-6.273508533596541259e-01
-9.979216245771016514e-01
-5.118969267694960523e-01
-2.288257604580407278e+00
2.907937142880385323e-02
4.156821482442161209e-01
2.958419514879851331e+00
6.983221127922939475e-01
-8.021378238123257898e-01
1.952961031044973428e+00
1.615206420190183678e+00
-4.314635587062414235e-01
1.323377924678287965e+00
3.040381319504092072e+00
-1.466586286167758324e+00
-1.949624419836615496e+00
1.249090766115701356e+00
6.380296884085214781e-01
-1.044299515971632425e-01
3.460680977741463327e+00
1.385575315639357097e+00
1.076305791669943446e+00
1.620501880210316603e+00
-1.707637668908121020e-01
3.712423449234368289e-01
3.154727635143729447e+00
2.076821222844749570e+00
-2.860131359328090817e+00
1.376373629680710975e+00
-3.000481063574616858e+00
-1.505916233123584524e-01
-8.815351029209420597e-01
1.975559443912817015e+00
-2.023604239032494867e-01
1.418908791879721187e+00
-2.621196145824182810e+00
1.617884292973483129e+00
-1.732052038841068065e+00
-8.924334010442827037e-01
-1.872083642379456236e+00
-1.065206889079514552e+00
8.842157399312480792e-02
3.407977538650814875e+00
1.007385180715170581e+00
8.815323346458835141e-02
2.784726041521615070e+00
3.269802379163198935e+00
1.091039722531253808e+00
1.516231061462803176e+00
-1.727547909079661270e+00
2.002230212224212491e-01
-2.181606017246971785e+00
-1.510154670343961669e-01
-2.633413831071858890e+00
1.543760778710122405e+00
-6.682599676060279048e-01
-3.347679891426952992e+00
1.793482639278371371e+00
-4.758834402793831742e-01
9.389715580725594979e-01
-3.056256409436986399e+00
2.053900636508952271e+00
1.330405705359432256e+00
-5.588128835012420303e-01
-1.786205471530294409e+00
2.182459659220932213e+00
-3.262656277021843909e+00
-5.080824194901386592e-01
1.022094735761837209e-01
-3.487446810259456242e+00
3.371880554892981996e-01
-3.603022674846707851e-02
-6.812204820941254457e-01
2.264626536417304326e-01
1.255358331358120916e+00
1.287503687845990896e+00
1.070136938018985129e+00
-2.129144603194365715e+00
-1.368879261095898636e+00
1.612670002485252940e+00
-4.625222184203870990e-01
-1.809811518413672049e+00
