1.177029114092734252e+00
-6.717426638733925426e-01
1.039734421902708483e+00
9.323186642438218152e-01
-2.698286401438880766e+00
7.439684193735641715e-01
3.853385992635517954e-01
-2.110570762254965427e+00
2.767357991690460040e+00
1.099014441838292305e-01
3.763601420846470091e+00
-1.475966831659341727e+00
-2.688137901680303532e+00
-8.408421980668730200e-02
8.773645650008327079e-01
-1.630303517597920360e+00
-1.359452771034859397e+00
2.434970444713284277e+00
-8.669399214599651238e-01
-3.018394507823605633e+00
1.751072728269479351e+00
-1.181307681314607179e-02
1.119525100352328995e+00
2.650380161383593780e+00
-8.791349096293861187e-01
1.324904771340511989e+00
2.687301078669916965e+00
-5.357492070975294896e-01
2.092813255582052889e+00
-9.446628862165308282e-01
4.061762972858891096e+00
8.065930160326062123e-03
-1.723314790056120094e+00
-2.546553209577927301e+00
-2.009040829867059230e+00
-1.477931868326689324e+00
-1.372025682347352005e+00
2.908019007565420200e+00
-2.282546853850285551e+00
-2.118843762482681470e+00
-3.361163937855116579e+00
1.332989833334997876e+00
-6.703816204487555996e-01
-1.446425110454269580e+00
3.852920370129651051e-01
3.985954061543356186e+00
1.580175815777984161e+00
2.910972489324550883e-01
2.454202790485286112e+00
-1.301378123248200236e+00
-2.222184869708541122e-01
-1.947044534318582265e+00
1.116858828297292217e+00
-6.806329373407277172e-01
-2.765870499221036560e+00
2.799748151802206930e+00
-1.757566867319749981e+00
2.777049902798199632e+00
5.230239376353311709e-01
-4.487819520390673445e-01
9.186555627703887339e-01
-1.540609658302805718e+00
-9.348568523990552492e-01
3.611466610940379685e+00
-2.146238412643667104e+00
-1.341908263167272519e+00
-2.806312718181819932e+00
-9.769619673049619868e-01
3.639548299272247767e-01
1.009244868975851528e+00
-1.643408523047268810e+00
2.891836587874830666e+00
5.125025232123056051e-01
9.651103357703085805e-01
1.716762749942454480e+00
4.242826710160612080e-01
2.265440379518135483e+00
1.791528070880020751e+00
3.672213922897507032e+00
2.008882390042910249e+00
1.480787564278099044e-01
-8.914821492956463977e-01
-2.032208317324240565e-01
-2.778036353207120168e+00
2.473449742615774216e+00
-2.648745791858538867e-01
2.642426882918300080e-01
2.837378317875178801e+00
-2.296878981656189089e-01
-1.084444174810722750e+00
-2.385094070769359753e+00
2.236680507915260296e+00
7.365675084332032885e-01
-1.033829653633980383e+00
1.778996959836260716e+00
2.996544416556531920e-02
1.078480810606205820e+00
1.712034300254214658e+00
5.361313978020509907e-01
-2.101884983471963952e+00
-3.112115041041660368e-01
-3.650472299786625463e+00
3.596322968222873229e+00
3.234701423116294716e+00
9.092552607254609232e-01
8.900955016500423922e-02
-1.239137244915121450e+00
1.092338586431069292e+00
2.093642726110010788e+00
4.056289428260667629e-01
-1.165451758289084427e+00
1.348452921357510270e+00
-1.822718262960362656e+00
2.247625032533749678e+00
1.287311760335298372e+00
-2.322728681017670882e-01
2.536101777274500702e+00
-5.356342569990477087e-02
2.677640226530550560e+00
3.255488187819381429e-01
7.083425252955075635e-01
2.670220336134237815e+00
3.569167033582461013e+00
-2.312536804815300773e+00
-7.866548733097995516e-01
2.143660644290585893e+00
-8.174270997137774719e-01
2.641357018573351478e+00
-2.526267770259865486e+00
-6.898460203430827331e-01
1.363014462052686948e+00
2.684533785287430696e+00
6.322117213716328399e-01
9.315035486882787819e-01
3.050679303104594009e+00
-1.802206777412867611e+00
2.359732696447724987e+00
3.266912561568400819e-01
-2.356607517413068731e+00
2.838966204145219052e+00
-2.038319440243774761e+00
1.087048823586377111e+00
1.870081156600414685e-01
-6.510430268706131063e-01
2.988539318705170089e+00
-9.385642031057079837e-01
3.337014926536864823e-01
-8.781506647782646446e-01
-1.899979821795495738e+00
-8.274549707051090941e-01
-2.311517174266398911e+00
1.063693534621437120e+00
-3.249142951122993561e-01
-1.647758239381599932e+00
4.132419691946574325e+00
-9.733248614058421788e-01
1.075949630136126212e+00
-4.684614417019262178e-01
-2.214252011306105050e+00
-2.127726597490175564e+00
-4.740741814819739441e-01
9.916913654197390127e-02
2.050564633125925962e+00
-2.645632456296862056e+00
-1.245292554821967990e+00
-4.463503809702986658e-01
1.355680078846190684e+00
-2.675905792442868636e-01
-1.900159451168808467e+00
-2.281838792434686347e+00
-2.610678228518461985e+00
3.548421714401924998e+00
-1.603382930260678574e+00
-2.095986752761275884e+00
-2.980260646630603638e-01
-9.323038218988922710e-01
2.549768728461737077e-01
-6.300199732949015585e-01
2.226398722278505105e+00
3.068293971907956053e-01
-1.466808593230652269e+00
2.097862280180773364e+00
9.840552405947237125e-01
4.731553244491463195e-01
-2.192404169438697259e-01
-3.469784568670427838e+00
-5.695425630859584087e-01
-1.017532935708987729e+00
-1.304645190099911645e+00
3.493857542214633849e+00
-2.381427880345726056e+00
1.986623980845762194e+00
-1.849073701314157825e+00
1.659537794614999173e+00
-2.394108855333777264e+00
1.141472873305545921e+00
-6.540358827826598942e-01
7.852950383003973744e-01
2.473039386694692698e+00
1.875464864770490792e-01
-3.173807054203124700e+00
9.034359904915982842e-01
-5.573962426871762466e-01
-8.064909866934758531e-01
1.727510190894126607e+00
1.326761587813323429e+00
3.741207862436933596e+00
-2.225694323000535491e+00
-2.541364748893326642e+00
-9.803495826016260795e-01
6.773568101610829562e-01
1.700373253900374637e+00
2.629231147898917431e+00
1.116312129037974721e+00
2.959200881266384808e+00
-3.047275955740925690e-01
-2.269298580159532452e+00
-3.357252635291466891e+00
-1.267791448276681943e-01
3.751234786275676747e+00
3.116809399855874130e+00
2.955937770973059209e+00
6.594046110547129302e-01
8.976384338688462305e-01
-1.110099636133849710e-01
-2.513242670140378276e+00
1.143364234803544877e+00
4.033455474157175424e-01
3.810897961773889731e-01
1.304642917342363484e+00
-6.528646817601584385e-01
7.197746768575633558e-01
3.011191358045272715e+00
-2.024205325816463841e+00
2.627924443586411751e+00
2.435547555613759130e+00
1.917518614534381660e+00
2.207133006487473903e+00
7.774702930079810947e-01
2.857862332138207950e+00
-1.982919700369085048e+00
-2.836442555960308365e+00
-1.034426902611926602e+00
-1.668579836143773143e-01
-1.588336180152551957e+00
8.958296950806785564e-01
-1.685160037912849518e+00
-6.772234794186169360e-01
2.810430767887801995e+00
2.956276347091566947e+00
9.642012847246008711e-01
1.472307941931171982e+00
-7.340124848640895427e-01
3.142359919231214604e+00
-1.851453665693836959e+00
-2.094205002720138431e+00
1.329528240203008638e+00
3.433927420640311978e-01
2.597121926788045876e+00
3.269320353477136454e+00
2.086440046381566660e+00
3.693299974341103020e+00
1.540121572757388480e+00
-1.855201753517961016e+00
8.416624158511066822e-01
6.830385222777006771e-01
-2.430353706687484738e+00
3.417737918508871431e+00
8.114609692566105981e-01
1.351649137962309677e+00
2.756511222806070638e+00
2.445077480379425516e+00
-1.008785586016423652e+00
3.502734591939829834e+00
-1.507474254437229266e+00
-2.333225792197377579e+00
2.785135747921176019e+00
2.750251294916923328e+00
-5.102307026559192715e-02
-2.609170949490680513e+00
-2.148293922779695109e+00
6.171422954795507954e-01
-6.019225510049003303e-01
2.260597238616681715e+00
3.119765635621389421e+00
4.845164611406725941e-01
-9.960254594562901742e-01
2.546975623010232503e+00
5.219902672305625213e-01
1.508734235578377492e+00
1.060563956935276719e+00
3.805670682032333385e+00
3.077981515575334726e+00
-1.203037586116069368e+00
3.579397050178375617e-01
2.836934585257475105e-01
-1.835006798818354712e+00
1.745310855675170414e+00
-4.757940117860117724e-01
-6.778119596980192174e-01
-2.811125723696495715e+00
4.344918076011951569e-01
-2.237110628803955503e-01
3.664504301893079852e+00
9.390011782698467480e-01
-3.221988756833692680e+00
2.977419990855626253e+00
-2.594343140986529406e+00
-1.800475365308068287e+00
-6.425496905611386388e-03
-1.143405268104003669e+00
-2.946001935697033502e+00
3.164241051733863053e+00
-1.626806466458669553e-01
2.481952341622364333e+00
1.083985140064470665e+00
-8.793110049283915652e-02
-3.685921214189188944e-01
3.084133197616619526e+00
2.574525450864070919e+00
-1.459062015301175741e+00
-2.330805967161989845e+00
-1.613336411566633488e-01
3.039798805997531161e+00
-6.539038162885734140e-01
3.467278691519462885e+00
-1.135023705466653654e+00
-2.163655157673694873e+00
1.618866245067684062e+00
-2.136299544805766892e+00
2.634572322427872759e+00
3.666417939497246703e+00
-2.415591434877318866e-01
-1.702772511606999606e+00
1.061120752306196735e+00
-2.703517519113427525e+00
3.717088270381094350e+00
-1.073105040713767888e+00
2.268233243965056822e-01
8.102097966626314873e-01
-2.167509209541860771e-01
1.266618711851920764e+00
-2.162458611431674171e+00
-4.029769923722638647e-01
-2.057429975199458916e+00
-1.243642291980861181e+00
-2.127983936978753210e+00
1.019820225305423822e+00
1.370899472377265615e+00
-6.917832584681207209e-01
-2.046751963263118590e+00
4.671298733007208104e-01
2.138107008386910479e+00
3.079253617540984589e-01
3.058486585394719182e+00
-1.798189460368276649e+00
-2.120932631013185077e+00
-1.071942824656484827e+00
3.893538812578364317e-01
4.141834004828007926e-02
-9.619644070109303335e-01
1.254769338561405323e-01
1.780746859175498020e+00
3.061625182039010351e+00
-2.482477724383179041e+00
1.636173975337521957e+00
6.545933597504497437e-01
1.169424212666073659e-01
-1.416558842231272930e+00
-5.475116929718938374e-01
-8.673597871802439796e-01
-2.961894723522402018e+00
-2.665297729645463853e+00
2.270398316454242948e+00
2.106765548911224972e-01
2.117221345846588498e+00
-2.700795822729382234e+00
3.600274549363227994e+00
3.442776630789472048e+00
-2.711833735801223888e+00
-5.961154252563833911e-01
1.443825575273065764e+00
-2.277914303227255299e+00
1.675738927485211083e-01
2.685855630903069002e+00
-1.927684812391138980e+00
1.484107508763513383e+00
2.597042706871879880e-01
-1.265165655233996933e+00
2.014788162966179907e+00
2.224013644157889935e+00
5.547342767461614921e-01
2.345306883010495280e+00
2.482775174095291248e+00
-1.221831246820491712e+00
4.035587005841478003e+00
-7.911859843447210938e-01
1.483888896169229366e+00
2.023334313890015057e+00
-5.213820218354250358e-01
-1.857029726346516030e-01
1.889441645913891854e+00
-1.090060300040255559e+00
1.841220702819793109e+00
1.134221550007797008e+00
3.056148587562781405e+00
2.453161850303123614e+00
-1.463862227497442881e+00
-7.748662170947672179e-01
3.550457426452000576e+00
1.833375743639263034e+00
-6.201406919277107077e-01
3.783633655239129201e+00
-1.202863112319304401e-01
1.011097202278699314e-01
2.053952044136175825e+00
-2.644336793379420403e+00
-2.193070311855390475e+00
-3.136212853977497494e-01
-1.484406162250209826e+00
1.901484795292782248e+00
-8.691883647018606718e-01
-5.196590548249604424e-01
-7.882687608968795834e-01
-3.876797519272011106e-01
6.148576611951980242e-01
-2.930687148738539527e+00
2.341239877171061412e+00
-7.361008482086679461e-01
6.562657170331640533e-01
-2.713480299937625628e-01
-2.414927834637013326e+00
-2.757686450581450011e+00
-2.752949141431087376e+00
2.612287389689105233e+00
6.451527933186393948e-01
-2.301803880450140394e+00
2.400855974639791501e+00
-3.148749344653760662e+00
-2.683426141608633131e+00
-1.161813970846224953e+00
3.041775814836834346e+00
-6.595252571260077357e-01
3.281203041194534098e+00
2.553896097285099920e+00
3.004066609602751292e-01
2.800634108695323921e+00
3.045381535919907900e+00
2.778785756673365914e-01
-2.484479117392135450e+00
4.065338107380456201e+00
6.613523689611114920e-01
-1.192894500847398731e-01
3.375344502282452974e-01
2.571876733050821429e+00
7.552706088345091384e-01
-7.860475210061204088e-01
-1.426035991738224373e+00
-8.867504263053541669e-01
-2.569598406332027629e+00
-5.938951786948430955e-01
3.285386947025969451e-01
-1.472064385988794410e-01
1.847324754811167979e+00
4.939721248275774079e-01
-1.824509223634415811e+00
2.472943959330004216e+00
-1.220178200779346245e+00
2.691013676319330639e+00
-1.607532783733304216e+00
-7.474897504571009765e-01
3.157280285664183506e+00
2.452216376056218561e+00
2.525234022502288456e-01
1.004867166773275589e+00
-1.743500522171399281e+00
-3.065156343605864642e+00
2.552106233765562227e+00
-4.746348618168343414e-01
1.733465041909557414e+00
6.842137457271626477e-01
1.405562063945524409e+00
1.346057471582619458e+00
3.051916872399898395e+00
3.051543181260084392e+00
5.083309268115077106e-01
-6.061187761438847632e-01
2.123163377702702803e+00
-1.833194692186274288e+00
2.495307693938754401e+00
-1.274220956478716138e+00
1.648503444904630300e+00
1.060621063888638416e+00
-1.926622745394300562e+00
2.310273213028075201e+00
2.230955593407601134e-01
6.178841874257938738e-01
8.053767683984871528e-01
6.851830830324932009e-01
1.004804162463939443e+00
-2.610218225277681992e+00
-7.424515139453677914e-01
4.085846196807395359e+00
-2.382515006785234757e+00
-1.639543363658188646e+00
4.396942651537133484e-02
-2.184110921894953261e+00
3.181071468345316955e+00
2.769937955086498871e+00
-8.776519573888669212e-01
-4.457051731348385393e-01
1.340125438925848567e+00
-2.180523410523353522e+00
2.970147523625296770e+00
2.150817597428414663e-01
2.309407106930228881e+00
2.800062126490433290e+00
-1.267274404764674234e+00
-1.151572193716576376e+00
-2.719476102436470644e+00
1.847400933413994695e+00
2.916169799697538867e-01
2.208150103581570267e+00
3.903054675662387396e+00
2.481393902982456545e+00
3.213901998217438827e+00
2.808973357624915845e+00
-3.972505869981695081e-01
-5.923118657700684464e-01
-1.772764558372151300e-01
1.419755204023499529e+00
1.878449927991708845e+00
-2.414353735624286124e+00
-2.705378584528790320e+00
2.855632042911126600e+00
2.668532875886575617e+00
-1.228706774569947369e+00
4.899535950322353450e-01
1.034038660508064034e+00
1.477300096990411094e+00
-1.079369949824235259e-01
8.282591135716051989e-01
-1.998644359813581906e+00
-4.173907848024376310e-01
1.038561197565995409e+00
1.806787576543379847e+00
7.125090078307801944e-01
-3.308177798583994966e-01
1.179521448072518686e+00
2.937514303534514148e+00
-9.801377641467245994e-01
-2.950475214686696823e+00
2.650181814388108403e+00
2.240472399805696124e+00
7.869027555817064146e-01
3.607703834436910145e-02
5.412826034144719856e-01
-2.159075533728611329e-01
4.123001236250858903e-01
-3.792323163777415740e-01
1.907622409546045228e+00
1.173193931418285541e+00
-2.100913153081787499e+00
-1.468926702153947828e+00
3.194352952433653581e+00
8.697287435186074056e-01
1.671130997054437461e+00
1.767200429903926118e+00
-1.319318224128127826e+00
7.635701927683434809e-01
3.806188683033545850e+00
5.321114402471838201e-01
1.222183617650472121e+00
-2.051295614074945206e+00
2.588431985869481977e+00
5.123125668230685825e-01
-1.577177612983146959e+00
-2.948481441974985628e+00
1.720022843096059018e-01
-1.972826521129331878e+00
2.471372657493422942e+00
-4.816481913925824698e-01
-2.170291572729529772e+00
2.828400702324106231e+00
-1.890614810254364508e+00
2.960278765739541296e+00
1.812916489985972435e+00
6.619954827991375579e-01
-1.266994077771112226e-01
3.118710842797121519e+00
-2.462026744067472794e+00
6.439233527859519191e-01
1.271181810031593251e+00
-5.677458371131960391e-01
3.797975951294327857e+00
1.189831840334243662e-01
1.891805134846109349e+00
7.888126221624708334e-01
-1.484499865415491948e+00
-1.027410059581543023e-01
-6.441069649309406620e-01
-9.948288364187162225e-01
-1.683422281679788801e+00
-4.438868889764642223e-01
-3.367300988556011232e-01
4.134107194265062568e-01
2.595360935462474039e+00
4.272858680227289985e-01
-2.417254111170136888e+00
7.354362078082061771e-01
-1.802130244490926847e+00
1.989505907071580926e-01
-3.127919054322715997e+00
5.437762394783077768e-01
-1.206804500807605152e+00
1.169186088807269153e+00
1.051626568505896753e+00
-1.632621512602668412e+00
-5.424264729699850296e-01
1.265544175397139481e+00
-1.431822788416672876e-01
2.891823946340262186e+00
-2.580229509175304692e+00
6.024334532581114843e-01
-3.080923780233932874e+00
-1.395570306959385554e-01
2.502343272353253933e+00
8.647381365138939735e-01
-1.724432815644556805e-01
-5.245400079480514455e-01
7.758917467226793541e-01
1.444588718394055893e-01
-2.598555966781975202e-01
4.315734167886635220e+00
-1.265049245348951024e+00
-2.448097060165533190e+00
4.570739404627848779e-01
-2.272676837088433821e+00
9.995370172739853620e-01
1.376335019518913461e+00
-1.877736771948084860e+00
-8.297155997214610279e-01
-5.022948482753208932e-01
-7.801814132190825202e-01
-6.073298377628057187e-02
1.112903690421483960e+00
2.516058548585002885e+00
-2.117649499223785536e+00
-3.545911253646976125e-01
1.112683971552567819e+00
-1.822054904861753144e+00
-5.592580586520359276e-01
-1.244838645375082820e+00
-1.036748031237950451e+00
4.953867680100171866e-01
-3.730054676374150446e-01
-1.138648395733729224e+00
3.354303151869803212e+00
-1.056649426756152810e+00
-1.468830175750316380e+00
7.886242590234242567e-01
-2.699602547015746090e+00
-3.186445666209067440e+00
-2.321202010457181331e+00
-2.386660329270830772e-01
3.323806693177369542e+00
-6.231186443039834488e-01
2.737990651383069629e+00
2.439886435411544152e+00
-9.682911399604958447e-02
-7.893755701868752084e-01
-2.489615847181716468e+00
-1.177138672076876835e+00
-6.775149322851674316e-02
5.157441477866302471e-01
5.544505277933956533e-01
-3.259707455799834896e+00
-2.402016975601560800e-01
3.293483874959984625e+00
1.352562569165962625e+00
2.466728618348969171e+00
1.745034980345932851e+00
-2.132867543691588263e+00
2.219409453346403716e+00
-1.575644125458890654e+00
-3.257129900977424192e-02
2.106547979615776001e+00
-1.910910511260053513e+00
2.344134309113235393e+00
-8.087835374570424563e-01
2.977124410802110432e+00
2.669881781352750227e+00
1.914951607064414141e+00
-4.834888680311231757e-01
-2.851920938264932426e-01
1.707615572300289930e+00
-2.518611240203945556e+00
-5.371898876705909487e-01
-1.417764188370974177e+00
3.270431912299551769e+00
-1.271180818569731530e+00
2.141489093333353910e+00
7.187441612569225313e-01
5.438238204206374132e-02
-1.873696396593641289e+00
6.759462564023571707e-01
1.695409161328457648e+00
3.160126324224101779e+00
-5.781763594135416184e-01
-1.946470149112941930e-02
-2.701831795585524443e+00
-1.804775478464388794e+00
-2.193449869510386119e+00
-3.256031639146414469e-01
-1.877091910995473345e+00
-4.010713723468729008e-01
2.683070516351026003e-01
-5.082548919738461013e-01
-1.679992973293417124e+00
8.186625886924427942e-01
7.457687723412430580e-01
-2.053052582270879167e+00
-1.992098767076367627e-01
2.676500685106983912e+00
6.387912889823428308e-01
-2.725245633515459343e+00
5.742628918125128878e-01
2.671117639409739564e+00
-2.112639614532069686e-03
3.442312152529328984e+00
2.182345316327261919e+00
3.886004109898359982e-01
4.689831496896472718e-01
2.662947217727764215e+00
1.324687885301778500e+00
-6.485081336113162065e-01
9.745171281114432815e-02
-1.219205847737614201e+00
1.748777523063924644e+00
-9.266103893278747616e-01
-3.274153807002502248e+00
-7.913629165898220519e-01
1.235105738497815686e+00
1.301495831196186170e+00
-1.506488532802941205e-01
-2.310941005522866742e+00
1.786930254488763303e+00
4.972502292224939557e-01
-2.550624218712568503e+00
2.359240174033785387e+00
5.597666174007405182e-01
9.389702679774121208e-01
-2.473311894795224397e+00
3.890852077505738915e+00
2.986998033214046444e+00
-3.663721106190660493e-01
2.345146666299783966e+00
3.015777375211512012e+00
5.282871519325411658e-01
1.899259160268194302e+00
-1.971077467752367252e+00
-2.476456269664772947e+00
1.336194603370848943e+00
-7.648346560225465218e-01
3.878773543052810968e+00
1.230674075498628062e+00
1.096027007941304809e+00
2.581624005269606004e-01
3.513289883664123980e+00
1.817483380423600581e+00
5.908759321574887924e-01
-6.272777059224171614e-01
8.322926738428146898e-01
3.051362200604198271e+00
2.805018237536176073e+00
-1.869552156495663531e-01
-2.012111872888038278e+00
1.453980066187861908e+00
-7.654411195709499571e-01
4.066020215278670413e+00
4.268859157548653194e+00
-1.164504257117642938e+00
-2.527465256914110725e+00
-2.484869461967105231e+00
6.088215798733555978e-02
1.687347985734410472e+00
-5.732285646262720302e-01
2.554876168415134985e-01
-1.372561944039546900e+00
-2.677991375567005949e+00
8.553504073119885254e-01
-2.087764398153160617e+00
-7.427994210026086508e-01
2.403928386682055329e+00
-9.134810038874174865e-01
-1.555118021207674950e+00
4.081824153466099503e+00
-1.990182835629647595e+00
4.745196188684647765e-01
-1.255003507421030735e-02
-2.544541604000666979e+00
2.387854165022959219e+00
-7.321273691511935855e-01
2.746924697974560292e+00
2.819852929064242009e+00
6.279185847710884172e-01
1.943262240855458067e+00
2.132644849621398553e+00
1.375012959517437849e+00
2.187085330361329127e+00
-1.838305143915827111e+00
1.139042853563730251e+00
-3.259971295112333856e+00
-3.072844749686850285e+00
-2.532440502574709651e+00
-2.638874124404035904e+00
3.311895231266276940e-01
-2.979483774124259909e+00
2.228910504018200012e+00
2.939215502158681659e+00
-3.250561825766115111e-03
-2.252609292692172804e+00
4.964666088114854658e-01
-3.191523320216738124e+00
-2.292766641198974220e+00
2.709929508434896217e+00
2.943257964912034286e+00
-1.882304064750137673e+00
3.426874699821233605e+00
-3.504670071675989873e-01
3.764794302503132961e+00
-1.041130181332234006e+00
5.810958372638025393e-01
-1.781019931230574116e+00
6.177267703580141545e-01
-2.464867804787311378e+00
2.269231441940152472e+00
2.643832464275817085e+00
-2.162925523231114422e+00
7.759311400962488614e-01
2.808566130803385796e+00
1.594728235164168506e+00
1.332873304300221440e+00
-1.857462368265448527e+00
-2.724343085597381808e+00
-2.426550489700101565e+00
9.760083449098235775e-01
-3.051313490473364642e-01
-2.784752842680813800e-01
3.313336106192452224e+00
-2.603082678460081123e+00
-1.395390433093714577e+00
-1.695785619144315026e+00
9.065191361771338663e-01
1.517200389057826726e-01
-4.348273806543621056e-01
2.512750905927967793e+00
-1.811721669073194541e+00
7.469948617088179033e-01
2.498078516218072753e+00
2.263253857618471088e+00
5.556484844392565181e-01
-3.701881426860720747e+00
-1.741725014847379960e+00
-2.690644615859961952e+00
3.393701029349496801e-01
8.839374400809368870e-01
-2.247326945277020371e+00
2.808826632667564382e+00
3.191217509339043357e+00
-3.129509898704540660e+00
2.161959845419290538e+00
3.535370595436877761e-02
-2.298975176490401839e+00
7.610792012174097954e-01
-7.200615094381427328e-01
7.700270596729769101e-01
2.357809173058631913e+00
2.423795895861787120e+00
-2.892197959456433987e-01
7.916954721251431293e-01
-1.539484712638875263e-01
-1.882583986471809689e+00
1.081952342476941442e-01
-8.158492884180674753e-01
-1.405439096234124552e+00
2.116925076702463659e+00
1.154216582297507898e+00
-2.181523048223893202e+00
2.797462305536259006e-02
1.513877295062780126e+00
-1.530191722698049039e+00
9.053064207672795183e-01
-1.871690209939331107e+00
4.469928687552154889e-01
1.120853113959112468e+00
2.686214929061988332e+00
-5.107259743122861684e-01
-1.022929960569596730e+00
-8.454936672705624934e-02
-2.423656440959635283e+00
-1.086841149091424041e+00
1.023890914568653443e+00
2.903573798004416506e+00
-3.933037920573280721e-01
7.177917851868236276e-01
1.139689502042988023e+00
1.708739090440243746e+00
3.100983784328678050e-01
1.064793466693240376e+00
2.174222237869888108e+00
3.581000182957385647e+00
4.699420091482202633e-01
-9.705052120905426072e-02
-9.682033338228738240e-01
7.090846334592187938e-01
-2.935259497583127430e+00
1.490588788611598270e+00
3.450061562378335944e-01
-4.069045766384747354e-01
-8.285324035167677126e-01
8.494593485829888824e-01
2.225492054495799010e+00
1.396871512188523123e+00
6.785218413802921456e-01
3.181262118174793319e+00
4.413070508129891129e-02
3.090786724512479822e+00
2.929658677509628384e-01
-9.197449373241842752e-01
-3.550379483332919417e-01
3.106505615581782287e+00
2.920321645797718357e+00
-5.358382277310141939e-01
-3.289104327449750009e+00
1.845955259338428966e+00
3.115101889864620333e+00
-1.826372721112351716e+00
-5.937019052686078879e-01
-5.214662535090530682e-01
-3.009830247422133009e+00
8.005932790689637146e-01
-4.119974923686079427e-01
3.256443042647391817e+00
2.175663775948105449e+00
1.339351252616396870e+00
7.088535451198232917e-02
-2.050217345059820229e+00
2.274024796383661062e+00
1.179752299566085627e+00
2.201943358391703409e+00
2.869601510927101362e+00
8.606277861985196509e-01
-3.221057758575104568e+00
3.258989944509615100e+00
-2.551665954317082985e+00
-2.400447959360232086e-01
1.275817637692445050e+00
-6.474322276200799031e-01
9.090902201615546074e-01
1.024456685357884478e+00
4.510384659653743356e+00
-2.420910716525162432e+00
-1.403422842890752253e+00
7.879507895396452577e-01
-2.030686381466989321e+00
-2.997308657053202596e-01
1.530514654113101169e+00
3.851810708494749491e+00
4.020308728854471880e+00
-1.076514122592315159e+00
-2.333603118279505395e+00
3.484591759606026073e+00
3.755520820557281425e+00
-2.777698321861097774e+00
1.013770745506523130e-01
-5.099766711078528303e-01
-1.048858240060674296e+00
-9.021559054016987933e-02
-7.476933091048356683e-01
-2.810611817123052969e+00
2.945154543203416520e+00
-2.526290639385951664e+00
8.218427653384581255e-01
-6.070954916000425028e-01
-7.420072593994307686e-02
1.279198631544153253e+00
1.130677233585965613e+00
-1.808772381670933571e+00
-1.705741295071045105e+00
-1.173316412216163229e+00
2.283024185183104127e+00
1.459014726540026841e+00
-4.738423750605211260e-01
2.202704024067045352e-01
1.437859708501726841e+00
-7.928698450859267277e-01
2.764346341138421703e+00
-2.636786509345036222e+00
2.272375564345475496e+00
-1.654650040513325093e+00
9.706877344444545530e-01
7.066549472504715101e-01
-1.081268642689162451e+00
-2.830760049434498438e+00
-8.058547464668793792e-01
-3.029380321852578994e+00
-1.077254876083847623e+00
2.254050838699643844e+00
3.142019778167085775e+00
2.320363839014250584e-01
2.717019090594548381e+00
1.612920406846504173e+00
2.573991606565257495e+00
-3.701689516780005129e-01
-7.689092064943894300e-01
-8.837735911422283097e-01
1.451024942312773458e+00
7.752481521853209490e-01
-1.635464092924647339e+00
2.382164064445157603e+00
-3.486506964345905679e-01
-1.499023783089328266e+00
4.593938269644405881e-01
2.515519090551317394e+00
-3.026281408791724026e+00
3.430060795691612263e+00
-2.393874058356630474e+00
-9.972358247566096012e-02
3.776468336541056292e+00
8.455137122045157383e-02
1.808471106207460100e+00
2.989196177702562629e+00
2.742867181031877433e+00
-9.377796733783653194e-01
3.478072245518556982e-01
8.648767813047590902e-01
-1.940700024189027761e+00
9.278507409596084554e-02
-5.764605872741948023e-01
3.895397285124789777e-01
3.090775312618300852e+00
-2.206367479370866302e+00
-1.639111870954672368e+00
2.071868772725578567e-01
-8.281272424036214552e-01
1.981093223845888096e-01
5.168043575111848087e-01
3.190535369776902108e+00
-2.256472554386148577e+00
9.394708663774902213e-01
-2.200134628902973510e+00
1.809375667846713220e+00
-1.918822563240277779e+00
-2.391038441156633637e-02
1.328196961365300410e+00
3.139494507580123273e+00
2.607553572383891183e+00
-8.505753824371784511e-01
-4.237337191097299560e-01
-6.856534561571018260e-01
-2.393878936582027439e+00
5.444330574670779299e-01
-1.870602337434345230e+00
2.833061061221194610e+00
3.090370124065915380e+00
2.049052958270173086e+00
5.544403306303753443e-01
-1.752626800716184263e+00
8.481606416204387489e-02
2.413091617174045300e+00
-4.214929608952174833e-01
-2.840969335785600958e+00
-3.785921984749316405e+00
-4.481781037831458203e-01
2.760405490110833249e-01
1.207974431731236864e+00
3.411058580842228238e+00
-2.475710612463032145e+00
2.237916734663161655e+00
-1.875760684042988569e+00
-9.558864743963418897e-01
2.532444091336912284e-01
2.385781624865233930e+00
-3.118865977602580664e+00
3.064337343506633005e+00
-3.004569051952561409e+00
1.287573950629366415e+00
2.399337151508482702e+00
6.816843582156656423e-01
1.154244569547550336e-01
-1.480836815276838747e+00
4.735027016004016986e-01
1.765264249138568386e+00
-5.201656660332073523e-01
6.564111525920270918e-01
2.799618370144939306e+00
-3.028142985318875088e-02
-2.628905300441821247e+00
-1.574923968366185090e+00
3.569624291235613534e+00
1.083808723965103749e+00
1.703209380208531742e+00
2.405694911663949220e+00
-4.402462825823530435e-01
1.013344153238987966e+00
-1.977996190859573622e-01
2.743718828054618530e+00
1.016424691523388768e+00
1.789797321982520062e+00
-1.583452795251125034e+00
2.454977044479472958e+00
-3.985769253776494936e-01
-2.622637049556346245e+00
-1.595198073249429083e+00
-1.198628512008946823e+00
2.864108481771141967e+00
-1.842928027259752355e+00
-1.795551009906177109e+00
3.490942113705186589e+00
-7.224156566909818444e-01
-2.133136676673339949e+00
-2.070622057319220666e+00
-1.748369207053400487e+00
-5.719870064467025284e-02
2.317570764472806910e-01
-2.323459774442597325e+00
-3.130641302068971843e+00
-2.703285514923485344e+00
-1.468201668083257028e+00
4.169002550677832764e-01
1.958103606489559834e+00
7.053984898184468832e-01
-1.084331668922590364e+00
3.660422406860778466e+00
1.899116044703991202e+00
-1.296605540933050804e+00
3.553231857305506058e-01
-9.660794802974272955e-01
-3.068888120530470331e+00
5.640724615727095159e-01
-1.271941289779365825e+00
-2.142563738773448634e+00
-2.907579609905287299e+00
-2.286466629187258182e+00
-3.575781709308802903e-01
-8.736570017274349897e-01
-2.675169437829638674e+00
-1.903319178720331628e+00
3.882712636264309403e+00
-2.487025949795062529e-01
-2.891376951126867212e+00
2.613842776335185025e+00
-2.919779323889115208e+00
-5.803918413472074489e-01
-1.726724751574687300e+00
-5.423343566239278157e-01
2.837011680326980034e+00
-3.244204782916713548e+00
-2.233357099567637061e+00
-3.973434958756079105e-01
-6.690374888374839291e-01
-1.159809101513278984e+00
-1.389046235275731123e+00
2.859975883323296220e+00
2.499585097866872996e+00
-2.629038686067028951e+00
2.085990038920287226e+00
2.427347323372692767e+00
2.314868470505952125e+00
1.949766938310697029e+00
3.767596595989333608e+00
-1.009762540121939889e+00
6.924733621780668757e-01
-1.644573123639633483e+00
-1.675972848836341678e+00
-1.022606683403900485e+00
3.312162641295501864e+00
-1.834777223110185762e+00
-5.002907172183584938e-01
3.579836276491822122e+00
1.869188177388661387e+00
3.008442859390441537e+00
-6.825778576071717119e-01
-4.038216088703066031e-01
1.635873748351859280e+00
9.901028074028636605e-02
2.362604473488161716e+00
-8.134047475318949560e-01
3.628885800593244504e+00
-2.343837757153932957e-03
5.517160056470702401e-01
9.773081734387957242e-01
-1.624787172108012046e+00
1.713883059300008949e+00
1.951467427539027799e+00
-1.472926647903847197e+00
2.586502759230777659e+00
-4.390071132639500329e-01
1.500903254866182923e+00
8.207797978006471373e-01
-3.396471196995994868e-01
2.384540378600902066e+00
-5.064539843009567832e-01
2.274025611903334188e+00
-7.825982200245888976e-01
-1.901857226524652944e+00
-5.308072512029760048e-01
-7.328318724644623805e-02
1.357965708271107852e+00
1.610169305255773509e+00
2.291640797111891767e-02
2.656967856385896276e+00
2.129554645665743262e-01
-1.198955431795844850e+00
-5.186349105885182942e-01
2.533461999872589132e+00
-2.530698516392697606e+00
4.350100444506261876e-01
-2.265742499251594544e-01
-4.267265717801717595e-01
-1.568728153259554059e+00
2.603584298842977596e+00
-4.937538672185966537e-01
6.333319919550370880e-01
3.698755199570204488e-01
4.212887785399510587e-01
-7.549883444751736006e-01
-7.363088463342572221e-02
1.473282033055822726e+00
2.648660137786091440e+00
-1.925669579475661974e+00
-2.298859271843503027e-01
1.299267493799190154e+00
-1.733490225899283921e+00
-8.462806097243603665e-01
2.290820786333495729e+00
-8.731165541862430102e-01
3.688119633725192692e+00
3.620487831448219396e+00
1.297051304111336956e+00
1.936678481432166476e+00
4.158100517616650227e-01
2.917364589444690015e+00
2.042208839959955391e+00
-2.123362647901939404e+00
-1.847890796134055824e+00
-1.631947412756038052e+00
2.396790735670958128e+00
-2.254289439164159692e+00
5.504413443491910085e-01
-2.985998739227106569e+00
-1.545615129796323595e-01
-7.446660639679472116e-01
-2.155875921523719541e+00
-1.339583382836033509e+00
-2.173988664012614258e+00
2.838437499114126350e+00
-5.150705688061867349e-01
-1.804945313481807867e+00
2.740354945510223406e+00
3.144728310725373621e+00
-2.889071861259144391e+00
-2.945970935123764622e+00
2.621725085900415309e+00
3.188951777073641303e+00
1.909717937161226897e-01
-1.040812543816719726e+00
-3.771097175687575520e-01
1.010407044625311945e+00
-4.611726330671647722e-01
2.238415728177379993e+00
-2.766022713095786401e+00
-5.526826699120601649e-01
1.264501987942679984e+00
7.248269912951034177e-01
-3.325449833739238525e-01
-1.186734994999423698e+00
-4.745258914180916499e-01
2.497210075339984403e+00
-2.642484100855461371e+00
2.647448845139147355e+00
-2.189929597634666436e+00
-1.360084336674264593e-01
-5.198829528574924197e-01
-3.203916649511607595e+00
-2.892751960513969323e+00
-5.293663288632177721e-01
-1.213609035125435387e+00
1.488711981589026845e+00
3.233351614151209752e-01
-7.074529501494747352e-01
2.546297111830972071e+00
1.692404983172582256e+00
3.926375360352966748e+00
2.541257690661982704e-01
-1.452838946548781207e+00
-2.993500238014170645e+00
8.246358292640960652e-01
2.903552479776807527e+00
2.286318044622669188e+00
1.336272987268802837e+00
2.958396263374396540e+00
-1.180048914155744866e+00
8.323159031712438205e-01
-3.032134646091483976e+00
1.298446281523500723e+00
1.177628733194384658e+00
-2.157656245121271965e+00
2.852311119443968312e+00
-2.635736031033855120e+00
-5.195610242920999378e-01
-2.843399139299029876e+00
1.261661996174025191e+00
1.655431758674755560e+00
1.073256694299146830e+00
4.193513836082179758e+00
6.246189204567443864e-01
-1.021121349945915080e+00
-5.070223142848192532e-01
1.989949536376218742e+00
-2.369401993313018817e+00
-7.691652462079852093e-01
-7.403466307753204800e-01
-2.456608795570137893e+00
-2.403420083902003679e+00
-7.667137708868209112e-01
-1.999548456928932794e+00
-2.946837327865824641e+00
3.872203980711575455e-01
-2.125962231536677738e+00
1.594510270575579813e+00
2.391242032807470608e+00
1.198316461042641556e+00
2.786012915045060545e+00
-6.282242586660038430e-01
1.410911123391092259e+00
-7.186931329773711512e-03
-3.083679708889873972e+00
-2.546617428820733053e+00
-2.628564026422860689e+00
5.368000764408159542e-01
-2.251693201027118896e+00
1.110413986940283371e+00
-1.975561904443611905e+00
-1.879613276880975070e-01
2.741982033940562058e+00
-1.374955560323314785e+00
-2.307671237473805093e+00
-2.005832184480641711e+00
-7.120305006284055604e-01
2.173527299559926185e+00
1.831531779996611320e-01
2.567757924337235487e+00
-1.948535167858473027e+00
-1.076586700629244664e+00
3.746452924029999298e-01
-2.390345549529703906e+00
2.946384891338946321e+00
2.574910013573133982e-01
-4.198574788627064125e-01
-2.727654383719727349e+00
-2.412417804043967884e+00
2.632594705772973720e-01
-5.375260405928324881e-01
-1.349442820736538318e+00
-1.511925766362093748e+00
2.106695892126511094e+00
1.727291140634529709e+00
1.910576199648109208e+00
-5.036719479035218772e-01
-1.741773155602855949e+00
1.200926811224366952e+00
2.254481565462981951e+00
1.623733165491557440e+00
-2.825052368933855806e+00
-2.500273832942171204e+00
-5.521348788890380055e-01
-1.087990917716963546e+00
3.545662348658106477e+00
-2.019319628055140203e+00
1.435371144149983347e-01
2.658868134567758723e+00
1.607698821481411189e+00
2.523596317138976919e-01
6.852509721459009162e-01
-4.905514472114929636e-01
-2.909844851464699289e+00
7.606057801808617791e-01
2.833549951367380082e+00
-7.225688441867991196e-01
1.039980276200883846e+00
1.325635804729848877e+00
-1.903636103534755986e+00
2.670958405154433279e+00
2.856544580583696646e+00
1.434622459379108594e+00
-2.076389960916311228e+00
-1.665862041429692741e+00
-1.056630004227858466e+00
7.402232707156936042e-01
-1.112446057039954805e+00
6.306303102167675201e-01
-7.925054404932120322e-01
-2.002142977149043990e-01
2.969588943369516620e+00
9.232429681416266520e-01
9.495951753336556722e-01
2.675979873573118173e+00
-1.631416088220940086e+00
-1.133867503631463602e+00
-2.132095140270415357e+00
-2.336389413417586436e+00
-9.783535746582801007e-01
1.922409206485953259e-01
3.049083155980819582e-01
2.641255340487883352e+00
1.022161922585311578e+00
-2.017881624455240885e+00
1.595499376934818025e+00
1.802285261353804735e+00
2.274405528885114158e+00
2.820459195914004180e+00
2.669805315006556157e+00
3.434684331989295902e+00
1.113146403878357615e+00
7.882187763254856760e-02
2.558047537703046714e+00
-2.489356717460012788e-02
-2.915345427245968679e+00
3.895912016397749866e+00
3.027060946176075351e+00
5.095859996684611870e-01
-2.264933222641094812e-01
-1.659020067872309268e+00
4.433897731358740657e+00
6.353341960124959664e-01
4.230473255257561349e-01
-2.397203642608506158e+00
-1.195691186947602375e-01
4.072115446975125286e-01
6.534805414064898121e-01
3.898813070459651309e-01
6.057964677318541380e-01
9.708228015381283882e-01
3.121972291839746116e+00
-2.350501920570094772e+00
-3.677516936011962501e-01
-4.236045461511681043e-01
-6.823526251949439958e-01
1.699328877844242525e-01
2.699884268941868740e-02
-2.667657925433585819e-01
-2.451012780735708052e+00
-2.144832805671683218e+00
4.711497180479449209e-01
-2.618041513431123679e+00
2.778669043274164974e+00
3.658552619752775570e+00
-6.422225762774250724e-01
2.517445538165672847e+00
2.804553085909842203e+00
-8.541292699222288731e-02
8.284419468241954743e-01
-2.888774956040781383e+00
9.917680077311447073e-01
-3.916201145284581853e-01
1.279331883717413687e+00
1.148410802131294650e+00
3.278896261063350526e+00
1.967044528080015731e+00
-3.099004379522358743e+00
-2.543531696894485439e+00
1.623883308483327959e+00
2.416167771652867557e+00
-1.055421326217152567e+00
1.353366825312100064e-01
-1.131863186968265600e+00
6.540453845678326772e-01
-3.384252862692921915e-01
3.081840594301143099e+00
-9.119816165356706694e-01
3.748069919001006056e+00
-2.213844992639008247e+00
1.954048869461004312e+00
3.213925381912779322e+00
6.605897897427803755e-01
-1.482087363804227564e+00
3.401464250698006175e+00
-2.760202972197388638e-01
-8.219046305044674927e-01
-2.644693173755172211e+00
-1.975869691316259003e+00
-2.966815440456456621e+00
-1.280756438284178955e+00
2.230879882581329188e+00
-3.536641231981869193e+00
3.802739451048038344e-01
2.439467669433285746e+00
2.365860882535418597e+00
-4.610477899290778558e-01
-1.832901795296552727e+00
9.683226516036096410e-01
-2.862588914661606587e+00
1.998341075556669511e+00
1.967581419302937062e+00
-2.578190993035037959e+00
-1.683987267262872400e+00
4.721596052704067348e-01
-3.697518991151788614e-01
9.571050963396976474e-01
-2.085144776338009098e+00
-2.410993831810511523e+00
9.247706914625646313e-01
-1.088553201444786511e+00
3.301540470432552943e-01
-5.994181028620352292e-01
-1.047776648781332254e-01
2.762031392313528677e+00
2.474674342934362059e+00
-2.273690237902656897e+00
3.634123153409535512e+00
2.259533989329515435e+00
-1.393222655767392126e+00
8.569736120221714826e-01
-1.470136631887172252e+00
1.633457487734579550e+00
-1.885514993133351691e+00
1.575650814047205861e+00
2.556075691836150909e+00
-1.093037068612423779e+00
5.636076382695561771e-01
3.808366805790792231e+00
-2.551293645454330239e+00
-2.588339066990082760e+00
-5.469526045067694131e-01
3.711374889299777213e-01
-1.587305951825015299e-02
7.365152786911346450e-01
-2.601539259863407505e+00
1.537601527257244749e+00
-1.779136838738288207e+00
-5.069970169604053334e-01
9.462235740315690924e-01
2.319257312446660002e+00
2.728892696820223729e-01
2.915843497060161216e+00
-1.093437900869060231e+00
-1.413445035727389110e+00
-1.676127750401948502e+00
3.717245394344524723e+00
4.559233003651741889e+00
-7.529122735318828363e-01
-2.143000267824334282e-01
-7.919224089184928594e-01
8.021788082357194094e-01
2.560812039574625665e+00
-1.021507229413065376e+00
7.658423094416201282e-01
2.794328214269783839e+00
5.165124139812671267e-01
-2.860947900692145662e+00
1.939025189317164610e+00
-2.029474701236445355e+00
1.264192829401954210e+00
2.334972121602928163e-01
1.177116384099368140e+00
-7.243562630451170214e-01
-3.111575482982091856e+00
1.837771585704379707e+00
9.252555306371951227e-01
-2.041851632762041291e+00
2.450443213447798252e-01
-5.618589598613484837e-01
-2.138969036387098566e+00
4.050993424662123310e+00
2.788910136199789669e+00
-3.137094694433297803e+00
3.496945370284308741e+00
2.352091878295805127e+00
-9.385737783344494378e-01
2.345186913262616191e+00
2.213898013463922787e+00
2.326695045612465762e+00
-5.529623058220168863e-01
2.698493026964283281e+00
1.629443289105056980e+00
-2.399990175240777901e-01
7.235616561707611805e-01
9.183629116695238848e-01
-2.698658469837976526e+00
-1.385881883190686059e+00
2.219280395548568929e+00
2.383858573618218735e+00
1.398029086016653544e+00
-3.131517012272100331e+00
4.291106012587753149e-01
-1.588387814807432852e+00
-7.719834493599698755e-01
1.959451071823578250e+00
-2.452282967766559629e+00
-7.635661797869878198e-01
4.652977130253012628e-01
-9.422624292195268952e-03
7.665679203903623673e-01
1.681396437983536885e+00
-1.431772148200157302e+00
-2.780881565618702922e+00
-1.623616925175098702e-01
1.722096293770019493e+00
7.203780362819962590e-01
2.623839572455645808e+00
-3.100556968516365863e+00
-8.806714345153964230e-01
-1.441276656991057115e+00
2.360758199899547272e+00
2.686831419468825644e+00
-2.379989859745043290e+00
-3.638547696663870790e-01
1.395362188979116791e+00
-1.129663209794857126e+00
3.806454691009732993e+00
-1.803426814281284818e+00
-7.966685220950942004e-01
2.437445118036321912e+00
2.254702942235569996e+00
-6.765151935444874143e-01
-2.894720996767299326e+00
1.155426857417601871e+00
-5.357242906497825530e-01
3.393963510635817360e-01
-1.084176532318223973e+00
2.888361489046137542e+00
-2.955334280842287331e+00
4.527851184953708419e-01
-5.986411858949569620e-01
3.288196094638698330e+00
4.031948374949863995e-02
2.799828841541719626e+00
2.459725964184068747e+00
8.836381558172502482e-01
2.975214729989154039e-01
-3.080399281708331438e-01
1.145957132477948143e-01
-4.513142758346831984e-01
2.340155459090452528e+00
2.147754556347746924e+00
4.029441739291421132e-01
4.780815369510947321e-01
2.882244634302973396e-01
2.979576719889309278e+00
-1.036668611317192346e+00
3.985237902514089381e-01
3.631557420631393307e-01
2.145718205930027711e+00
-2.888466215101630485e+00
4.771562729320304452e-01
-9.551246230096852030e-02
6.671759953967884016e-01
3.485328822120558723e+00
-2.298533331617551134e+00
-2.070848696192916782e-01
-2.602933578287317307e+00
6.735909849077937883e-01
-9.549306714474298241e-02
-1.482654768940215417e+00
-6.886883812706439123e-01
2.716889850661275307e+00
-3.572914835026025915e-01
6.839371638682715249e-01
8.107895580418417181e-01
-1.795241624516573875e+00
2.364757934131490824e+00
-3.294284446711857495e+00
2.667179494364790404e+00
2.630796439389802455e+00
2.883652291562602832e-01
3.698392552623938290e+00
-6.708048501654166884e-01
-1.414562641984344671e+00
1.849814674791529612e+00
3.858442211105778785e+00
1.421187407060706231e+00
-1.129072237534792578e+00
1.760482247046390558e+00
2.970205622529325851e+00
-6.584519239519420752e-01
1.228989346014215611e+00
-2.834233822772806111e+00
2.819306364096154205e+00
1.650207341641251269e+00
-2.354619838580982893e+00
-2.796969873514600913e-01
3.549521925889318918e+00
7.140276994994122495e-01
8.807456921208343115e-01
3.097566542899213626e+00
-1.505516910096035721e+00
-1.771484812966578115e+00
-9.184474319011628474e-01
2.367511687380535967e+00
4.357784543863231774e-01
-8.256977252625051777e-01
-2.990546793633354294e+00
-2.617497364154211414e+00
2.000559011081259442e+00
-1.956371375340484997e+00
1.456270800383758779e+00
-2.004225417642772289e+00
-1.762699360020144879e-01
2.505710167735371474e+00
-2.226783618613171090e+00
7.656583080282888254e-01
1.243421512494494729e+00
-7.159871525898313660e-01
2.782974926984313147e+00
2.265011516820991222e+00
1.802378484956255855e+00
-3.534034659253367794e-01
2.793545164507315715e+00
2.321966690234688269e+00
1.856629909847790083e-01
3.170922984661381783e+00
-4.248175743185133024e-01
6.935316997090957836e-01
-1.980350708822106398e+00
-8.199739778629189929e-03
-1.813832922884866417e+00
-1.209609070866852987e+00
1.698420577924417918e+00
8.014846051665520665e-01
7.342136875422290432e-01
-1.794343595941948893e-02
3.012803992375902240e+00
2.336468639366552580e+00
4.401031797663268463e-01
3.904854748742027759e+00
-1.775622238820844023e+00
-2.824766642639201297e+00
2.079536108563114549e+00
3.885432266112844424e+00
3.520793744440615214e+00
-1.713577068505151901e+00
-1.984670313225240568e+00
-1.650012872433847200e+00
2.387030245571828857e+00
-2.741280616086303468e+00
-1.084445433755916177e+00
-1.588733649873143250e+00
2.878828452698524720e-01
2.966312536145231604e+00
3.949515932519550798e+00
1.936973979440527627e+00
-2.492549873717739839e+00
-1.117751018790509976e+00
1.303892764305139451e+00
-2.187566517907134411e+00
7.705628636058487954e-03
-4.207728582078399393e-01
2.631148606600520079e+00
2.737752432716665574e+00
3.801010557966870151e-01
-1.692370991183270723e+00
2.605937362429240789e+00
-1.769774473018786543e+00
-7.490482382449207277e-01
1.239948409539396224e+00
-5.630528865538875216e-02
-2.067125312102505941e+00
-5.843439006129230728e-01
-1.680349026741795093e+00
-2.220970578893049385e+00
-1.959842256684675987e-01
4.030167746636361126e-01
-2.353653488155548423e+00
-1.009076161195146204e+00
2.563390976749460926e+00
-2.855849773337248987e+00
-1.444958013074553849e+00
1.100901312512492236e+00
-1.374972961360879965e-02
-4.870040988196785436e-01
2.109073732819804814e+00
5.406745402646425669e-01
3.903600581248018564e+00
-2.698597460840595375e+00
1.270300239679345022e+00
2.717153720509969173e+00
8.942908571178495025e-01
-1.952084462403712584e+00
-1.576422597623242439e+00
1.088386556947138262e+00
2.550826502833828613e+00
1.558994186742648225e-01
2.403774436532101433e+00
2.449586165802859206e-01
-9.802471394771850033e-01
-1.565063927514423803e+00
2.029105404548066538e+00
-2.382299443199957345e+00
